! 10B range in Si
! apply ZOOM for details
Energy (MeV/u)1	0 - [He-base] F.Hubert et al, AD&ND Tables 46(1990)1	Energy (MeV/u)2	1 - [H -base] J.F.Ziegler et al,Pergamon Press,NY(low energy)	Energy (MeV/u)3	2 - ATIMA 1.2 LS-theory (recommended for high energy)	Energy (MeV/u)4	3 - ATIMA 1.2 without LS-correction	Energy (MeV/u)5	4 - ATIMA 1.4 H.Weick, improved mean charge formula for HI	Energy (MeV/u)6	5 - Range straggling - method [0] - LISE	Energy (MeV/u)7	6 - Range straggling - method [1] - Atima	Energy (MeV/u)8	7 - Lateral range - method [0] - LISE	Energy (MeV/u)9	8 - Lateral range - method [1] - Atima	Energy (MeV/u)10	9 - Lateral range - method [2] - PDG	
0.001000	0.0510497 	0.001000	0.0510497 	0.001000	0.0466146 	0.001000	0.0466146 	0.001000	0.0466221 	0.001000	0         	0.001000	0         	0.001000	0.000621865	0.001000	0.00100926	0.001000	0.000461994	
0.002000	0.103939  	0.002000	0.102099  	0.002000	0.0932292 	0.002000	0.0932292 	0.002000	0.0932442 	0.002000	0.00672904	0.002000	0.00672904	0.002000	0.00182108	0.002000	0.00285517	0.002000	0.00140923	
0.005000	0.241629  	0.005000	0.235     	0.005000	0.214676  	0.005000	0.214676  	0.005000	0.214701  	0.005000	0.00802267	0.005000	0.00802267	0.005000	0.00658108	0.005000	0.0099495 	0.005000	0.00528672	
0.008000	0.36106   	0.008000	0.350276  	0.008000	0.320548  	0.008000	0.320548  	0.008000	0.320577  	0.008000	0.00808112	0.008000	0.00808112	0.008000	0.0122178 	0.008000	0.0181439 	0.008000	0.00997807	
0.010000	0.434026  	0.010000	0.420703  	0.010000	0.385514  	0.010000	0.385514  	0.010000	0.385545  	0.010000	0.00828923	0.010000	0.00828923	0.010000	0.0162446 	0.010000	0.0239269 	0.010000	0.0133626 	
0.015000	0.599774  	0.015000	0.580686  	0.015000	0.534035  	0.015000	0.534035  	0.015000	0.534069  	0.015000	0.00936921	0.015000	0.00936921	0.015000	0.0268591 	0.015000	0.0390006 	0.015000	0.0223606 	
0.020000	0.737552  	0.020000	0.713672  	0.020000	0.661666  	0.020000	0.661666  	0.020000	0.661701  	0.020000	0.0106199 	0.020000	0.0106199 	0.020000	0.0373276 	0.020000	0.053753  	0.020000	0.0312851 	
0.025000	0.852606  	0.025000	0.824723  	0.025000	0.771701  	0.025000	0.771701  	0.025000	0.771737  	0.025000	0.0117053 	0.025000	0.0117053 	0.025000	0.0472373 	0.025000	0.0676628 	0.025000	0.0397575 	
0.030000	0.952074  	0.030000	0.920731  	0.030000	0.869218  	0.030000	0.869218  	0.030000	0.869254  	0.030000	0.0126203 	0.030000	0.0126203 	0.030000	0.0566658 	0.030000	0.0808513 	0.030000	0.0478389 	
0.035000	1.04042   	0.035000	1.00601   	0.035000	0.957782  	0.035000	0.957782  	0.035000	0.957818  	0.035000	0.0134058 	0.035000	0.0134058 	0.035000	0.0657347 	0.035000	0.0934941 	0.035000	0.0556307 	
0.040000	1.12105   	0.040000	1.08383   	0.040000	1.03937   	0.040000	1.03937   	0.040000	1.03941   	0.040000	0.0140877 	0.040000	0.0140877 	0.040000	0.0744982 	0.040000	0.105676  	0.040000	0.0631757 	
0.045000	1.19591   	0.045000	1.15608   	0.045000	1.11543   	0.045000	1.11543   	0.045000	1.11547   	0.045000	0.0146885 	0.045000	0.0146885 	0.045000	0.0830109 	0.045000	0.117477  	0.045000	0.0705186 	
0.050000	1.26627   	0.050000	1.22399   	0.050000	1.18703   	0.050000	1.18703   	0.050000	1.18707   	0.050000	0.0152258 	0.050000	0.0150732 	0.050000	0.0913201 	0.050000	0.128968  	0.050000	0.0776985 	
0.055000	1.33308   	0.055000	1.28849   	0.055000	1.25499   	0.055000	1.25499   	0.055000	1.25503   	0.055000	0.0157132 	0.055000	0.0153382 	0.055000	0.0994677 	0.055000	0.140207  	0.055000	0.0847505 	
0.060000	1.39708   	0.060000	1.35026   	0.060000	1.31996   	0.060000	1.31996   	0.060000	1.31999   	0.060000	0.0161612 	0.060000	0.0155824 	0.060000	0.10664   	0.060000	0.150077  	0.060000	0.0909689 	
0.070000	1.51875   	0.070000	1.46769   	0.070000	1.44282   	0.070000	1.44282   	0.070000	1.44286   	0.070000	0.0169688 	0.070000	0.016026  	0.070000	0.118301  	0.070000	0.166062  	0.070000	0.101103  	
0.080000	1.63448   	0.080000	1.5794    	0.080000	1.55863   	0.080000	1.55863   	0.080000	1.55867   	0.080000	0.017694  	0.080000	0.016429  	0.080000	0.127709  	0.080000	0.178766  	0.080000	0.109306  	
0.090000	1.74634   	0.090000	1.68737   	0.090000	1.66941   	0.090000	1.66941   	0.090000	1.66945   	0.090000	0.0183654 	0.090000	0.0168068 	0.090000	0.135812  	0.090000	0.189484  	0.090000	0.116393  	
0.100000	1.85568   	0.100000	1.79291   	0.100000	1.7766    	0.100000	1.7766    	0.100000	1.77663   	0.100000	0.0190016 	0.100000	0.0171697 	0.100000	0.142766  	0.100000	0.198614  	0.100000	0.122497  	
0.120000	2.07012   	0.120000	1.99988   	0.120000	1.98396   	0.120000	1.98396   	0.120000	1.984     	0.120000	0.0202156 	0.120000	0.0178754 	0.120000	0.154853  	0.120000	0.214276  	0.120000	0.133148  	
0.140000	2.28138   	0.140000	2.20379   	0.140000	2.18602   	0.140000	2.18602   	0.140000	2.18606   	0.140000	0.021398  	0.140000	0.0185797 	0.140000	0.165242  	0.140000	0.227554  	0.140000	0.142353  	
0.160000	2.49098   	0.160000	2.40611   	0.160000	2.38575   	0.160000	2.38575   	0.160000	2.38578   	0.160000	0.0225802 	0.160000	0.0192998 	0.160000	0.174576  	0.160000	0.239355  	0.160000	0.150662  	
0.180000	2.70021   	0.180000	2.60805   	0.180000	2.5848    	0.180000	2.5848    	0.180000	2.58484   	0.180000	0.0237775 	0.180000	0.0200441 	0.180000	0.18315   	0.180000	0.250103  	0.180000	0.158326  	
0.200000	2.90971   	0.200000	2.81027   	0.200000	2.78415   	0.200000	2.78415   	0.200000	2.78419   	0.200000	0.0249969 	0.200000	0.020816  	0.200000	0.191233  	0.200000	0.260156  	0.200000	0.165579  	
0.250000	3.43522   	0.250000	3.3175    	0.250000	3.28687   	0.250000	3.28687   	0.250000	3.28691   	0.250000	0.028152  	0.250000	0.022868  	0.250000	0.209734  	0.250000	0.282902  	0.250000	0.182274  	
0.300000	3.96318   	0.300000	3.82709   	0.300000	3.79803   	0.300000	3.79803   	0.300000	3.79807   	0.300000	0.031443  	0.300000	0.025074  	0.300000	0.226764  	0.300000	0.30351   	0.300000	0.197744  	
0.350000	4.49256   	0.350000	4.33805   	0.350000	4.31833   	0.350000	4.31833   	0.350000	4.31836   	0.350000	0.034839  	0.350000	0.0274011 	0.350000	0.242832  	0.350000	0.322697  	0.350000	0.212418  	
0.400000	5.02345   	0.400000	4.85048   	0.400000	4.84485   	0.400000	4.84485   	0.400000	4.84489   	0.400000	0.03826   	0.400000	0.0297827 	0.400000	0.258086  	0.400000	0.340681  	0.400000	0.22641   	
0.450000	5.55274   	0.450000	5.36136   	0.450000	5.37661   	0.450000	5.37661   	0.450000	5.37664   	0.450000	0.0416785 	0.450000	0.0321892 	0.450000	0.272729  	0.450000	0.35778   	0.450000	0.239891  	
0.500000	6.08305   	0.500000	5.87322   	0.500000	5.91472   	0.500000	5.91472   	0.500000	5.91475   	0.500000	0.0451124 	0.500000	0.0346252 	0.500000	0.286912  	0.500000	0.374198  	0.500000	0.252992  	
0.600000	7.14692   	0.600000	6.90008   	0.600000	7.01331   	0.600000	7.01331   	0.600000	7.01335   	0.600000	0.052078  	0.600000	0.0396009 	0.600000	0.314406  	0.600000	0.405677  	0.600000	0.278493  	
0.700000	8.22722   	0.700000	7.94281   	0.700000	8.14756   	0.700000	8.14756   	0.700000	8.14759   	0.700000	0.0592693 	0.700000	0.0447592 	0.700000	0.341107  	0.700000	0.435901  	0.700000	0.303379  	
0.800000	9.34563   	0.800000	9.02232   	0.800000	9.32007   	0.800000	9.32007   	0.800000	9.3201    	0.800000	0.0667213 	0.800000	0.0501067 	0.800000	0.36737   	0.800000	0.465387  	0.800000	0.327949  	
0.900000	10.5085   	0.900000	10.1447   	0.900000	10.532    	0.900000	10.532    	0.900000	10.532    	0.900000	0.0744472 	0.900000	0.0556404 	0.900000	0.393499  	0.900000	0.494508  	0.900000	0.352456  	
1.000000	11.7176   	1.000000	11.3118   	1.000000	11.7841   	1.000000	11.7841   	1.000000	11.7842   	1.000000	0.0824585 	1.000000	0.0613597 	1.000000	0.419429  	1.000000	0.523277  	1.000000	0.376848  	
1.250000	14.9515   	1.250000	14.4332   	1.250000	15.0966   	1.250000	15.0966   	1.250000	15.0966   	1.250000	0.103839  	1.250000	0.0766719 	1.250000	0.484674  	1.250000	0.59509   	1.250000	0.438408  	
1.500000	18.4913   	1.500000	17.8498   	1.500000	18.6855   	1.500000	18.6855   	1.500000	18.6855   	1.500000	0.12743   	1.500000	0.0943543 	1.500000	0.551286  	1.500000	0.667784  	1.500000	0.501492  	
1.750000	22.3569   	1.750000	21.581    	1.750000	22.5481   	1.750000	22.5481   	1.750000	22.5481   	1.750000	0.153161  	1.750000	0.11395   	1.750000	0.61985   	1.750000	0.742049  	1.750000	0.566596  	
2.000000	26.5426   	2.000000	25.6211   	2.000000	26.6811   	2.000000	26.6811   	2.000000	26.6811   	2.000000	0.180982  	2.000000	0.135092  	2.000000	0.690637  	2.000000	0.818217  	2.000000	0.633944  	
2.250000	31.0382   	2.250000	29.9602   	2.250000	31.0829   	2.250000	31.0829   	2.250000	31.0829   	2.250000	0.210887  	2.250000	0.157598  	2.250000	0.763726  	2.250000	0.896498  	2.250000	0.703611  	
2.500000	35.833    	2.500000	34.591    	2.500000	35.7524   	2.500000	35.7524   	2.500000	35.7524   	2.500000	0.242879  	2.500000	0.18137   	2.500000	0.83943   	2.500000	0.97711   	2.500000	0.775861  	
3.000000	45.8819   	3.000000	44.7368   	3.000000	45.8898   	3.000000	45.8898   	3.000000	45.8898   	3.000000	0.313148  	3.000000	0.232495  	3.000000	0.971612  	3.000000	1.14571   	3.000000	0.902584  	
3.500000	57.0249   	3.500000	56.0221   	3.500000	57.0837   	3.500000	57.0837   	3.500000	57.0837   	3.500000	0.391797  	3.500000	0.288219  	3.500000	1.11512   	3.500000	1.30028   	3.500000	1.04023   	
4.000000	69.2502   	4.000000	68.3963   	4.000000	69.3226   	4.000000	69.3226   	4.000000	69.3226   	4.000000	0.478784  	4.000000	0.348398  	4.000000	1.27128   	4.000000	1.46503   	4.000000	1.1901    	
4.500000	82.545    	4.500000	81.8257   	4.500000	82.5939   	4.500000	82.5939   	4.500000	82.5939   	4.500000	0.574029  	4.500000	0.412878  	4.500000	1.43979   	4.500000	1.64165   	4.500000	1.35195   	
5.000000	96.8966   	5.000000	96.2856   	5.000000	96.8845   	5.000000	96.8845   	5.000000	96.8845   	5.000000	0.677432  	5.000000	0.48153   	5.000000	1.62039   	5.000000	1.82973   	5.000000	1.52556   	
5.500000	112.293   	5.500000	111.757   	5.500000	112.181   	5.500000	112.181   	5.500000	112.181   	5.500000	0.788887  	5.500000	0.554254  	5.500000	1.8128    	5.500000	2.02887   	5.500000	1.71068   	
6.000000	128.722   	6.000000	128.222   	6.000000	128.472   	6.000000	128.472   	6.000000	128.471   	6.000000	0.908289  	6.000000	0.630956  	6.000000	2.01686   	6.000000	2.23883   	6.000000	1.90716   	
6.500000	146.173   	6.500000	145.667   	6.500000	145.743   	6.500000	145.743   	6.500000	145.743   	6.500000	1.03554   	6.500000	0.711548  	6.500000	2.23233   	6.500000	2.45929   	6.500000	2.11479   	
7.000000	164.636   	7.000000	164.079   	7.000000	163.985   	7.000000	163.985   	7.000000	163.985   	7.000000	1.17053   	7.000000	0.79595   	7.000000	2.45908   	7.000000	2.69006   	7.000000	2.33344   	
7.500000	184.099   	7.500000	183.445   	7.500000	183.185   	7.500000	183.185   	7.500000	183.185   	7.500000	1.31317   	7.500000	0.884088  	7.500000	2.69692   	7.500000	2.9309    	7.500000	2.56295   	
8.000000	204.554   	8.000000	203.754   	8.000000	203.333   	8.000000	203.333   	8.000000	203.333   	8.000000	1.46338   	8.000000	0.975896  	8.000000	2.94571   	8.000000	3.18164   	8.000000	2.80318   	
8.500000	225.991   	8.500000	224.997   	8.500000	224.42    	8.500000	224.42    	8.500000	224.42    	8.500000	1.62106   	8.500000	1.07131   	8.500000	3.20533   	8.500000	3.44211   	8.500000	3.05401   	
9.000000	248.402   	9.000000	247.162   	9.000000	246.436   	9.000000	246.436   	9.000000	246.436   	9.000000	1.78615   	9.000000	1.17028   	9.000000	3.47565   	9.000000	3.71214   	9.000000	3.31533   	
9.500000	271.777   	9.500000	270.24    	9.500000	269.373   	9.500000	269.373   	9.500000	269.373   	9.500000	1.95857   	9.500000	1.27274   	9.500000	3.75655   	9.500000	3.9916    	9.500000	3.58702   	
10.000000	296.11    	10.000000	294.22    	10.000000	293.221   	10.000000	293.221   	10.000000	293.221   	10.000000	2.13825   	10.000000	1.37867   	10.000000	4.04792   	10.000000	4.28035   	10.000000	3.869     	
11.000000	347.616   	11.000000	344.653   	11.000000	343.662   	11.000000	343.648   	11.000000	343.659   	11.000000	2.51995   	11.000000	1.60117   	11.000000	4.66227   	11.000000	4.88577   	11.000000	4.46397   	
12.000000	402.86    	12.000000	398.64    	12.000000	397.755   	12.000000	397.699   	12.000000	397.744   	12.000000	2.93177   	12.000000	1.83789   	12.000000	5.31877   	12.000000	5.52826   	12.000000	5.10034   	
13.000000	461.789   	13.000000	456.151   	13.000000	455.462   	13.000000	455.342   	13.000000	455.441   	13.000000	3.37351   	13.000000	2.08871   	13.000000	6.01709   	13.000000	6.20733   	13.000000	5.77781   	
14.000000	524.351   	14.000000	517.157   	14.000000	516.753   	14.000000	516.546   	14.000000	516.721   	14.000000	3.84499   	14.000000	2.35359   	14.000000	6.75694   	14.000000	6.92255   	14.000000	6.49614   	
15.000000	590.499   	15.000000	581.628   	15.000000	581.598   	15.000000	581.287   	15.000000	581.554   	15.000000	4.3461    	15.000000	2.63232   	15.000000	7.53811   	15.000000	7.67355   	15.000000	7.25513   	
16.000000	660.187   	16.000000	649.533   	16.000000	649.974   	16.000000	649.54    	16.000000	649.917   	16.000000	4.87673   	16.000000	2.9247    	16.000000	8.36038   	16.000000	8.46002   	16.000000	8.05461   	
17.000000	733.374   	17.000000	720.843   	17.000000	721.857   	17.000000	721.285   	17.000000	721.787   	17.000000	5.43679   	17.000000	3.23065   	17.000000	9.22357   	17.000000	9.28166   	17.000000	8.89443   	
18.000000	810.018   	18.000000	795.53    	18.000000	797.228   	18.000000	796.504   	18.000000	797.144   	18.000000	6.02622   	18.000000	3.55021   	18.000000	10.1275   	18.000000	10.1382   	18.000000	9.77447   	
19.000000	890.082   	19.000000	873.565   	19.000000	876.066   	19.000000	875.18    	19.000000	875.97    	19.000000	6.64497   	19.000000	3.88341   	19.000000	11.0722   	19.000000	11.0295   	19.000000	10.6946   	
20.000000	973.528   	20.000000	954.921   	20.000000	958.354   	20.000000	957.297   	20.000000	958.248   	20.000000	7.293     	20.000000	4.23014   	20.000000	12.0573   	20.000000	11.9553   	20.000000	11.6549   	
21.000000	1060.32   	21.000000	1039.57   	21.000000	1044.08   	21.000000	1042.84   	21.000000	1043.96   	21.000000	7.97028   	21.000000	4.59025   	21.000000	13.0829   	21.000000	12.9154   	21.000000	12.6551   	
22.000000	1150.43   	22.000000	1127.49   	22.000000	1133.23   	22.000000	1131.8    	22.000000	1133.1    	22.000000	8.67677   	22.000000	4.96367   	22.000000	14.1489   	22.000000	13.9096   	22.000000	13.6952   	
23.000000	1243.82   	23.000000	1218.65   	23.000000	1225.78   	23.000000	1224.17   	23.000000	1225.65   	23.000000	9.41247   	23.000000	5.35039   	23.000000	15.2552   	23.000000	14.9379   	23.000000	14.7752   	
24.000000	1340.46   	24.000000	1313.03   	24.000000	1321.73   	24.000000	1319.93   	24.000000	1321.59   	24.000000	10.1774   	24.000000	5.75038   	24.000000	16.4017   	24.000000	16.0001   	24.000000	15.8951   	
25.000000	1440.32   	25.000000	1410.6    	25.000000	1421.07   	25.000000	1419.07   	25.000000	1420.92   	25.000000	10.9714   	25.000000	6.16362   	25.000000	17.5883   	25.000000	17.096    	25.000000	17.0548   	
27.000000	1649.59   	27.000000	1615.22   	27.000000	1629.85   	27.000000	1627.47   	27.000000	1629.69   	27.000000	12.6469   	27.000000	7.02975   	27.000000	20.0819   	27.000000	19.3886   	27.000000	19.4935   	
29.000000	1871.41   	29.000000	1832.34   	29.000000	1852.04   	29.000000	1849.28   	29.000000	1851.87   	29.000000	14.4388   	29.000000	7.94846   	29.000000	22.7356   	29.000000	21.815    	29.000000	22.0912   	
31.000000	2105.58   	31.000000	2061.78   	31.000000	2087.43   	31.000000	2084.33   	31.000000	2087.26   	31.000000	16.344    	31.000000	8.91744   	31.000000	25.5469   	31.000000	24.3726   	31.000000	24.8459   	
33.000000	2351.9    	33.000000	2303.37   	33.000000	2335.18   	33.000000	2331.79   	33.000000	2334.99   	33.000000	18.3444   	33.000000	9.92789   	33.000000	28.504    	33.000000	27.0508   	33.000000	27.7461   	
35.000000	2610.18   	35.000000	2556.95   	35.000000	2594.98   	35.000000	2591.37   	35.000000	2594.79   	35.000000	20.4367   	35.000000	10.9786   	35.000000	31.603    	35.000000	29.846    	35.000000	30.7881   	
38.000000	3019.68   	38.000000	2959.47   	38.000000	3006.89   	38.000000	3003.1    	38.000000	3006.72   	38.000000	23.7462   	38.000000	12.6287   	38.000000	36.5127   	38.000000	34.2535   	38.000000	35.6131   	
41.000000	3455.17   	41.000000	3388.12   	41.000000	3445.03   	41.000000	3441.21   	41.000000	3444.89   	41.000000	27.2583   	41.000000	14.3654   	41.000000	41.7297   	41.000000	38.9126   	41.000000	40.7469   	
44.000000	3916.13   	44.000000	3842.44   	44.000000	3908.93   	44.000000	3905.2    	44.000000	3908.82   	44.000000	30.9697   	44.000000	16.1878   	44.000000	47.2474   	44.000000	43.8171   	44.000000	46.1836   	
47.000000	4402.1    	47.000000	4321.97   	47.000000	4398.16   	47.000000	4394.61   	47.000000	4398.03   	47.000000	34.8769   	47.000000	18.0953   	47.000000	53.0596   	47.000000	48.9613   	47.000000	51.918    	
50.000000	4912.62   	50.000000	4826.27   	50.000000	4912.22   	50.000000	4909.01   	50.000000	4912.09   	50.000000	38.9761   	50.000000	20.0849   	50.000000	59.1603   	50.000000	54.3398   	50.000000	57.9448   	
55.000000	5816.87   	55.000000	5720.75   	55.000000	5823.07   	55.000000	5820.74   	55.000000	5822.98   	55.000000	46.2249   	55.000000	23.5794   	55.000000	69.9545   	55.000000	63.8115   	55.000000	68.6265   	
60.000000	6786.3    	60.000000	6681.12   	60.000000	6800.11   	60.000000	6798.92   	60.000000	6799.97   	60.000000	53.98     	60.000000	27.2914   	60.000000	81.5106   	60.000000	73.8994   	60.000000	80.0864   	
65.000000	7819.19   	65.000000	7705.69   	65.000000	7841.52   	65.000000	7841.87   	65.000000	7841.39   	65.000000	62.2249   	65.000000	31.211    	65.000000	93.8058   	65.000000	84.5841   	65.000000	92.3051   	
70.000000	8913.97   	70.000000	8792.87   	70.000000	8945.82   	70.000000	8948.01   	70.000000	8945.66   	70.000000	70.9435   	70.000000	35.3338   	70.000000	106.819   	70.000000	95.8476   	70.000000	105.264   	
75.000000	10069.2   	75.000000	9941.13   	75.000000	10111.5   	75.000000	10115.9   	75.000000	10111.3   	75.000000	80.1205   	75.000000	39.6521   	75.000000	120.529   	75.000000	107.673   	75.000000	118.947   	
80.000000	11283.5   	80.000000	11149     	80.000000	11337     	80.000000	11344     	80.000000	11336.9   	80.000000	89.7409   	80.000000	44.1623   	80.000000	134.918   	80.000000	120.046   	80.000000	133.336   	
85.000000	12555.5   	85.000000	12415.2   	85.000000	12621.2   	85.000000	12631.1   	85.000000	12621.2   	85.000000	99.7906   	85.000000	48.8548   	85.000000	149.966   	85.000000	132.95    	85.000000	148.417   	
90.000000	13884.1   	90.000000	13738.4   	90.000000	13962.8   	90.000000	13975.9   	90.000000	13962.8   	90.000000	110.256   	90.000000	53.7287   	90.000000	165.658   	90.000000	146.373   	90.000000	164.174   	
95.000000	15268.1   	95.000000	15117.2   	95.000000	15360.5   	95.000000	15377.2   	95.000000	15360.6   	95.000000	121.123   	95.000000	58.7785   	95.000000	181.974   	95.000000	160.301   	95.000000	180.594   	
100.000000	16706.4   	100.000000	16550.6   	100.000000	16813.3   	100.000000	16833.8   	100.000000	16813.4   	100.000000	132.38    	100.000000	63.9972   	100.000000	198.9     	100.000000	174.721   	100.000000	197.662   	
105.000000	18198     	105.000000	18037.3   	105.000000	18319.8   	105.000000	18344.5   	105.000000	18320     	105.000000	144.014   	105.000000	69.3779   	105.000000	216.42    	105.000000	189.623   	105.000000	215.365   	
110.000000	19741.9   	110.000000	19576.3   	110.000000	19879.2   	110.000000	19908.4   	110.000000	19879.5   	110.000000	156.014   	110.000000	74.9154   	110.000000	234.518   	110.000000	204.993   	110.000000	233.691   	
115.000000	21337.1   	115.000000	21166.5   	115.000000	21490.3   	115.000000	21524.3   	115.000000	21490.6   	115.000000	168.368   	115.000000	80.6105   	115.000000	253.181   	115.000000	220.822   	115.000000	252.627   	
120.000000	22982.8   	120.000000	22806.7   	120.000000	23152.1   	120.000000	23191.2   	120.000000	23152.6   	120.000000	181.064   	120.000000	86.4581   	120.000000	272.394   	120.000000	237.099   	120.000000	272.161   	
125.000000	24678     	125.000000	24496.2   	125.000000	24863.9   	125.000000	24908.2   	125.000000	24864.3   	125.000000	194.094   	125.000000	92.4501   	125.000000	292.143   	125.000000	253.813   	125.000000	292.282   	
130.000000	26422     	130.000000	26233.8   	130.000000	26624.5   	130.000000	26674.3   	130.000000	26624.8   	130.000000	207.445   	130.000000	98.5869   	130.000000	312.417   	130.000000	270.956   	130.000000	312.979   	
135.000000	28214     	135.000000	28018.6   	135.000000	28433     	135.000000	28488.6   	135.000000	28433.2   	135.000000	221.108   	135.000000	104.865   	135.000000	333.201   	135.000000	288.517   	135.000000	334.24    	
140.000000	30053.1   	140.000000	29849.8   	140.000000	30288.5   	140.000000	30350.3   	140.000000	30288.7   	140.000000	235.074   	140.000000	111.277   	140.000000	354.483   	140.000000	306.488   	140.000000	356.055   	
145.000000	31938.7   	145.000000	31726.5   	145.000000	32190.2   	145.000000	32258.4   	145.000000	32190.4   	145.000000	249.333   	145.000000	117.82    	145.000000	376.253   	145.000000	324.859   	145.000000	378.414   	
150.000000	33870     	150.000000	33647.8   	150.000000	34137.2   	150.000000	34212.1   	150.000000	34137.4   	150.000000	263.876   	150.000000	124.491   	150.000000	398.497   	150.000000	343.623   	150.000000	401.306   	
155.000000	35873.6   	155.000000	35612.9   	155.000000	36128.7   	155.000000	36210.7   	155.000000	36128.9   	155.000000	278.694   	155.000000	131.289   	155.000000	421.205   	155.000000	362.771   	155.000000	424.722   	
160.000000	37920.6   	160.000000	37621     	160.000000	38163.9   	160.000000	38253.3   	160.000000	38164.2   	160.000000	293.779   	160.000000	138.209   	160.000000	444.365   	160.000000	382.295   	160.000000	448.653   	
165.000000	40009.4   	165.000000	39671.4   	165.000000	40242.2   	165.000000	40339.1   	165.000000	40242.5   	165.000000	309.123   	165.000000	145.25    	165.000000	467.968   	165.000000	402.187   	165.000000	473.088   	
170.000000	42139.2   	170.000000	41763.2   	170.000000	42362.8   	170.000000	42467.4   	170.000000	42363     	170.000000	324.718   	170.000000	152.409   	170.000000	492.002   	170.000000	422.441   	170.000000	498.02    	
175.000000	44309.3   	175.000000	43895.7   	175.000000	44524.9   	175.000000	44637.5   	175.000000	44525     	175.000000	340.556   	175.000000	159.683   	175.000000	516.458   	175.000000	443.047   	175.000000	523.438   	
180.000000	46519     	180.000000	46068.3   	180.000000	46727.8   	180.000000	46848.7   	180.000000	46727.9   	180.000000	356.629   	180.000000	167.069   	180.000000	541.326   	180.000000	464.001   	180.000000	549.334   	
185.000000	48767.7   	185.000000	48280.2   	185.000000	48970.7   	185.000000	49100.2   	185.000000	48970.8   	185.000000	372.931   	185.000000	174.567   	185.000000	566.595   	185.000000	485.293   	185.000000	575.701   	
190.000000	51054.8   	190.000000	50530.8   	190.000000	51253     	190.000000	51391.4   	190.000000	51253.2   	190.000000	389.454   	190.000000	182.173   	190.000000	592.257   	190.000000	506.918   	190.000000	602.529   	
195.000000	53379.5   	195.000000	52819.3   	195.000000	53574.1   	195.000000	53721.7   	195.000000	53574.3   	195.000000	406.191   	195.000000	189.885   	195.000000	618.304   	195.000000	528.87    	195.000000	629.81    	
200.000000	55741.2   	200.000000	55145.2   	200.000000	55933.4   	200.000000	56090.3   	200.000000	55933.6   	200.000000	423.135   	200.000000	197.696   	200.000000	644.724   	200.000000	551.142   	200.000000	657.538   	
210.000000	60573.6   	210.000000	59906.6   	210.000000	60764.2   	210.000000	60940.2   	210.000000	60764.1   	210.000000	457.622   	210.000000	213.614   	210.000000	698.656   	210.000000	596.619   	210.000000	714.298   	
220.000000	65547.3   	220.000000	64810.2   	220.000000	65739.9   	220.000000	65936.3   	220.000000	65739.7   	220.000000	492.865   	220.000000	229.919   	220.000000	753.986   	220.000000	643.302   	220.000000	772.749   	
230.000000	70658     	230.000000	69851.2   	230.000000	70855.9   	230.000000	71073.8   	230.000000	70855.9   	230.000000	528.817   	230.000000	246.583   	230.000000	810.652   	230.000000	691.147   	230.000000	832.835   	
240.000000	75901.5   	240.000000	75025.4   	240.000000	76108.1   	240.000000	76348.3   	240.000000	76108.2   	240.000000	565.433   	240.000000	263.592   	240.000000	868.592   	240.000000	740.108   	240.000000	894.499   	
250.000000	81273.9   	250.000000	80328.5   	250.000000	81492.5   	250.000000	81755.6   	250.000000	81492.3   	250.000000	602.673   	250.000000	280.935   	250.000000	927.749   	250.000000	790.145   	250.000000	957.688   	
260.000000	86771.4   	260.000000	85756.6   	260.000000	87004.5   	260.000000	87291.5   	260.000000	87004.2   	260.000000	640.497   	260.000000	298.598   	260.000000	988.068   	260.000000	841.216   	260.000000	1022.35   	
270.000000	92390.4   	270.000000	91305.9   	270.000000	92640.1   	270.000000	92952.2   	270.000000	92640     	270.000000	678.867   	270.000000	316.57    	270.000000	1049.5    	270.000000	893.286   	270.000000	1088.44   	
280.000000	98127.5   	280.000000	96972.5   	280.000000	98395.8   	280.000000	98733.8   	280.000000	98395.8   	280.000000	717.748   	280.000000	334.84    	280.000000	1111.99   	280.000000	946.315   	280.000000	1155.91   	
290.000000	103979    	290.000000	102753    	290.000000	104268    	290.000000	104633    	290.000000	104268    	290.000000	757.107   	290.000000	353.4     	290.000000	1175.49   	290.000000	1000.27   	290.000000	1224.71   	
300.000000	109943    	300.000000	108644    	300.000000	110254    	300.000000	110645    	300.000000	110254    	300.000000	796.912   	300.000000	372.234   	300.000000	1239.95   	300.000000	1055.12   	300.000000	1294.8    	
310.000000	116015    	310.000000	114643    	310.000000	116349    	310.000000	116769    	310.000000	116349    	310.000000	837.133   	310.000000	391.319   	310.000000	1305.34   	310.000000	1110.83   	310.000000	1366.13   	
320.000000	122192    	320.000000	120746    	320.000000	122550    	320.000000	122999    	320.000000	122550    	320.000000	877.743   	320.000000	410.659   	320.000000	1371.62   	320.000000	1167.36   	320.000000	1438.67   	
330.000000	128472    	330.000000	126950    	330.000000	128855    	330.000000	129334    	330.000000	128855    	330.000000	918.713   	330.000000	430.246   	330.000000	1438.73   	330.000000	1224.7    	330.000000	1512.38   	
340.000000	134853    	340.000000	133253    	340.000000	135260    	340.000000	135770    	340.000000	135261    	340.000000	960.019   	340.000000	450.061   	340.000000	1506.64   	340.000000	1282.81   	340.000000	1587.22   	
350.000000	141331    	350.000000	139651    	350.000000	141764    	350.000000	142304    	350.000000	141764    	350.000000	1001.64   	350.000000	470.103   	350.000000	1575.33   	350.000000	1341.65   	350.000000	1663.15   	
360.000000	147904    	360.000000	146142    	360.000000	148361    	360.000000	148933    	360.000000	148362    	360.000000	1043.54   	360.000000	490.373   	360.000000	1644.74   	360.000000	1401.22   	360.000000	1740.13   	
370.000000	154569    	370.000000	152724    	370.000000	155051    	370.000000	155656    	370.000000	155052    	370.000000	1085.71   	370.000000	510.852   	370.000000	1714.85   	370.000000	1461.48   	370.000000	1818.14   	
380.000000	161325    	380.000000	159393    	380.000000	161830    	380.000000	162468    	380.000000	161831    	380.000000	1128.13   	380.000000	531.527   	380.000000	1785.63   	380.000000	1522.4    	380.000000	1897.13   	
390.000000	168168    	390.000000	166148    	390.000000	168697    	390.000000	169369    	390.000000	168698    	390.000000	1170.78   	390.000000	552.394   	390.000000	1857.04   	390.000000	1583.97   	390.000000	1977.09   	
400.000000	175097    	400.000000	172986    	400.000000	175648    	400.000000	176354    	400.000000	175649    	400.000000	1213.63   	400.000000	573.448   	400.000000	1929.05   	400.000000	1646.16   	400.000000	2057.97   	
410.000000	182110    	410.000000	179906    	410.000000	182682    	410.000000	183423    	410.000000	182683    	410.000000	1256.67   	410.000000	594.683   	410.000000	2001.65   	410.000000	1708.94   	410.000000	2139.75   	
420.000000	189204    	420.000000	186904    	420.000000	189796    	420.000000	190572    	420.000000	189797    	420.000000	1299.89   	420.000000	616.094   	420.000000	2074.79   	420.000000	1772.3    	420.000000	2222.39   	
430.000000	196378    	430.000000	193979    	430.000000	196987    	430.000000	197800    	430.000000	196989    	430.000000	1343.26   	430.000000	637.675   	430.000000	2148.45   	430.000000	1836.22   	430.000000	2305.88   	
440.000000	203629    	440.000000	201129    	440.000000	204255    	440.000000	205104    	440.000000	204256    	440.000000	1386.77   	440.000000	659.421   	440.000000	2222.62   	440.000000	1900.68   	440.000000	2390.17   	
450.000000	210956    	450.000000	208352    	450.000000	211596    	450.000000	212483    	450.000000	211598    	450.000000	1430.42   	450.000000	681.326   	450.000000	2297.25   	450.000000	1965.65   	450.000000	2475.26   	
460.000000	218357    	460.000000	215646    	460.000000	219010    	460.000000	219934    	460.000000	219011    	460.000000	1474.18   	460.000000	703.389   	460.000000	2372.34   	460.000000	2031.13   	460.000000	2561.1    	
470.000000	225830    	470.000000	223009    	470.000000	226493    	470.000000	227456    	470.000000	226495    	470.000000	1518.04   	470.000000	725.606   	470.000000	2447.86   	470.000000	2097.08   	470.000000	2647.69   	
480.000000	233374    	480.000000	230439    	480.000000	234044    	480.000000	235046    	480.000000	234046    	480.000000	1561.99   	480.000000	747.967   	480.000000	2523.79   	480.000000	2163.5    	480.000000	2734.98   	
490.000000	240986    	490.000000	237935    	490.000000	241662    	490.000000	242703    	490.000000	241664    	490.000000	1606.01   	490.000000	770.461   	490.000000	2600.1    	490.000000	2230.36   	490.000000	2822.97   	
500.000000	248665    	500.000000	245495    	500.000000	249345    	500.000000	250426    	500.000000	249347    	500.000000	1650.11   	500.000000	793.08    	500.000000	2676.78   	500.000000	2297.66   	500.000000	2911.62   	
520.000000	264220    	520.000000	260801    	520.000000	264898    	520.000000	266059    	520.000000	264899    	520.000000	1738.45   	520.000000	838.708   	520.000000	2831.16   	520.000000	2433.49   	520.000000	3090.85   	
540.000000	280024    	540.000000	276345    	540.000000	280690    	540.000000	281933    	540.000000	280691    	540.000000	1826.94   	540.000000	884.846   	540.000000	2986.8    	540.000000	2570.87   	540.000000	3272.5    	
560.000000	296068    	560.000000	292115    	560.000000	296709    	560.000000	298037    	560.000000	296710    	560.000000	1915.51   	560.000000	931.43    	560.000000	3143.56   	560.000000	2709.68   	560.000000	3456.41   	
580.000000	312339    	580.000000	308100    	580.000000	312944    	580.000000	314358    	580.000000	312945    	580.000000	2004.09   	580.000000	978.455   	580.000000	3301.32   	580.000000	2849.83   	580.000000	3642.44   	
600.000000	328828    	600.000000	324290    	600.000000	329385    	600.000000	330886    	600.000000	329386    	600.000000	2092.63   	600.000000	1025.92   	600.000000	3459.96   	600.000000	2991.21   	600.000000	3830.45   	
620.000000	345526    	620.000000	340676    	620.000000	346022    	620.000000	347611    	620.000000	346022    	620.000000	2181.08   	620.000000	1073.77   	620.000000	3619.38   	620.000000	3133.74   	620.000000	4020.32   	
640.000000	362422    	640.000000	357247    	640.000000	362843    	640.000000	364524    	640.000000	362844    	640.000000	2269.38   	640.000000	1121.98   	640.000000	3779.49   	640.000000	3277.32   	640.000000	4211.92   	
660.000000	379508    	660.000000	373996    	660.000000	379842    	660.000000	381615    	660.000000	379843    	660.000000	2357.5    	660.000000	1170.55   	660.000000	3940.19   	660.000000	3421.89   	660.000000	4405.13   	
680.000000	396776    	680.000000	390914    	680.000000	397010    	680.000000	398876    	680.000000	397011    	680.000000	2445.4    	680.000000	1219.44   	680.000000	4101.4    	680.000000	3567.36   	680.000000	4599.85   	
700.000000	414217    	700.000000	407994    	700.000000	414339    	700.000000	416299    	700.000000	414340    	700.000000	2533.05   	700.000000	1268.65   	700.000000	4263.05   	700.000000	3713.66   	700.000000	4795.98   	
720.000000	431824    	720.000000	425227    	720.000000	431822    	720.000000	433877    	720.000000	431822    	720.000000	2620.41   	720.000000	1318.17   	720.000000	4425.06   	720.000000	3860.72   	720.000000	4993.42   	
740.000000	449590    	740.000000	442607    	740.000000	449451    	740.000000	451602    	740.000000	449451    	740.000000	2707.47   	740.000000	1367.98   	740.000000	4587.37   	740.000000	4008.5    	740.000000	5192.07   	
760.000000	467507    	760.000000	460128    	760.000000	467218    	760.000000	469468    	760.000000	467219    	760.000000	2794.19   	760.000000	1418.07   	760.000000	4749.91   	760.000000	4156.91   	760.000000	5391.86   	
780.000000	485569    	780.000000	477783    	780.000000	485119    	780.000000	487468    	780.000000	485120    	780.000000	2880.55   	780.000000	1468.44   	780.000000	4912.64   	780.000000	4305.92   	780.000000	5592.7    	
800.000000	503769    	800.000000	495565    	800.000000	503146    	800.000000	505597    	800.000000	503149    	800.000000	2966.54   	800.000000	1519.05   	800.000000	5075.49   	800.000000	4455.46   	800.000000	5794.51   	
820.000000	522101    	820.000000	513470    	820.000000	521296    	820.000000	523847    	820.000000	521299    	820.000000	3052.14   	820.000000	1569.88   	820.000000	5238.41   	820.000000	4605.49   	820.000000	5997.23   	
840.000000	540560    	840.000000	531491    	840.000000	539560    	840.000000	542212    	840.000000	539563    	840.000000	3137.3    	840.000000	1620.91   	840.000000	5401.34   	840.000000	4755.94   	840.000000	6200.75   	
860.000000	559139    	860.000000	549623    	860.000000	557932    	860.000000	560686    	860.000000	557935    	860.000000	3222      	860.000000	1672.13   	860.000000	5564.23   	860.000000	4906.75   	860.000000	6404.99   	
880.000000	577834    	880.000000	567862    	880.000000	576406    	880.000000	579263    	880.000000	576409    	880.000000	3306.23   	880.000000	1723.55   	880.000000	5727.03   	880.000000	5057.89   	880.000000	6609.9    	
900.000000	596639    	900.000000	586202    	900.000000	594978    	900.000000	597939    	900.000000	594981    	900.000000	3389.98   	900.000000	1775.17   	900.000000	5889.71   	900.000000	5209.32   	900.000000	6815.41   	
920.000000	615549    	920.000000	604639    	920.000000	613644    	920.000000	616710    	920.000000	613647    	920.000000	3473.24   	920.000000	1826.99   	920.000000	6052.23   	920.000000	5360.99   	920.000000	7021.47   	
940.000000	634559    	940.000000	623169    	940.000000	632400    	940.000000	635571    	940.000000	632403    	940.000000	3556.02   	940.000000	1878.99   	940.000000	6214.57   	940.000000	5512.89   	940.000000	7228.04   	
960.000000	653665    	960.000000	641787    	960.000000	651242    	960.000000	654518    	960.000000	651245    	960.000000	3638.3    	960.000000	1931.17   	960.000000	6376.71   	960.000000	5664.96   	960.000000	7435.05   	
980.000000	672862    	980.000000	660489    	980.000000	670167    	980.000000	673548    	980.000000	670169    	980.000000	3720.08   	980.000000	1983.51   	980.000000	6538.6    	980.000000	5817.19   	980.000000	7642.47   	
1000.000000	692146    	1000.000000	679272    	1000.000000	689170    	1000.000000	692656    	1000.000000	689171    	1000.000000	3801.37   	1000.000000	2036      	1000.000000	6700.23   	1000.000000	5969.54   	1000.000000	7850.25   	
1020.000000	711513    	1020.000000	698131    	1020.000000	708247    	1020.000000	711841    	1020.000000	708248    	1020.000000	3882.15   	1020.000000	2088.64   	1020.000000	6861.57   	1020.000000	6122      	1020.000000	8058.36   	
1040.000000	730959    	1040.000000	717064    	1040.000000	727396    	1040.000000	731097    	1040.000000	727397    	1040.000000	3962.43   	1040.000000	2141.4    	1040.000000	7022.61   	1040.000000	6274.52   	1040.000000	8266.74   	
1060.000000	750480    	1060.000000	736067    	1060.000000	746613    	1060.000000	750423    	1060.000000	746614    	1060.000000	4042.21   	1060.000000	2194.31   	1060.000000	7183.33   	1060.000000	6427.09   	1060.000000	8475.36   	
1080.000000	770072    	1080.000000	755137    	1080.000000	765896    	1080.000000	769815    	1080.000000	765897    	1080.000000	4121.49   	1080.000000	2247.34   	1080.000000	7343.7    	1080.000000	6579.68   	1080.000000	8684.19   	
1100.000000	789732    	1100.000000	774270    	1100.000000	785241    	1100.000000	789270    	1100.000000	785243    	1100.000000	4200.26   	1100.000000	2300.51   	1100.000000	7503.71   	1100.000000	6732.28   	1100.000000	8893.2    	
1120.000000	809457    	1120.000000	793463    	1120.000000	804646    	1120.000000	808786    	1120.000000	804650    	1120.000000	4278.53   	1120.000000	2353.81   	1120.000000	7663.35   	1120.000000	6884.85   	1120.000000	9102.35   	
1140.000000	829242    	1140.000000	812714    	1140.000000	824109    	1140.000000	828359    	1140.000000	824113    	1140.000000	4356.3    	1140.000000	2407.25   	1140.000000	7822.6    	1140.000000	7037.39   	1140.000000	9311.61   	
1160.000000	849086    	1160.000000	832021    	1160.000000	843628    	1160.000000	847988    	1160.000000	843632    	1160.000000	4433.57   	1160.000000	2460.83   	1160.000000	7981.45   	1160.000000	7189.88   	1160.000000	9520.95   	
1180.000000	868985    	1180.000000	851379    	1180.000000	863200    	1180.000000	867671    	1180.000000	863204    	1180.000000	4510.34   	1180.000000	2514.55   	1180.000000	8139.89   	1180.000000	7342.29   	1180.000000	9730.35   	
1200.000000	888935    	1200.000000	870787    	1200.000000	882822    	1200.000000	887404    	1200.000000	882826    	1200.000000	4586.62   	1200.000000	2568.4    	1200.000000	8297.91   	1200.000000	7494.61   	1200.000000	9939.78   	
1220.000000	908935    	1220.000000	890243    	1220.000000	902493    	1220.000000	907185    	1220.000000	902496    	1220.000000	4662.4    	1220.000000	2622.39   	1220.000000	8455.49   	1220.000000	7646.83   	1220.000000	10149.2   	
1240.000000	928981    	1240.000000	909743    	1240.000000	922210    	1240.000000	927013    	1240.000000	922213    	1240.000000	4737.7    	1240.000000	2676.5    	1240.000000	8612.63   	1240.000000	7798.92   	1240.000000	10358.6   	
1260.000000	949071    	1260.000000	929286    	1260.000000	941971    	1260.000000	946886    	1260.000000	941974    	1260.000000	4812.51   	1260.000000	2730.72   	1260.000000	8769.32   	1260.000000	7950.88   	1260.000000	10568     	
1280.000000	969202    	1280.000000	948869    	1280.000000	961774    	1280.000000	966801    	1280.000000	961777    	1280.000000	4886.83   	1280.000000	2785.06   	1280.000000	8925.55   	1280.000000	8102.7    	1280.000000	10777.3   	
1300.000000	989371    	1300.000000	968491    	1300.000000	981618    	1300.000000	986758    	1300.000000	981621    	1300.000000	4960.68   	1300.000000	2839.51   	1300.000000	9081.32   	1300.000000	8254.35   	1300.000000	10986.5   	
1320.000000	1.00958e+06	1320.000000	988149    	1320.000000	1.0015e+06	1320.000000	1.00675e+06	1320.000000	1.0015e+06	1320.000000	5034.04   	1320.000000	2894.07   	1320.000000	9236.61   	1320.000000	8405.84   	1320.000000	11195.7   	
1340.000000	1.02982e+06	1340.000000	1.00784e+06	1340.000000	1.02142e+06	1340.000000	1.02679e+06	1340.000000	1.02142e+06	1340.000000	5106.94   	1340.000000	2948.74   	1340.000000	9391.43   	1340.000000	8557.14   	1340.000000	11404.7   	
1360.000000	1.05009e+06	1360.000000	1.02757e+06	1360.000000	1.04137e+06	1360.000000	1.04685e+06	1360.000000	1.04138e+06	1360.000000	5179.36   	1360.000000	3003.51   	1360.000000	9545.77   	1360.000000	8708.26   	1360.000000	11613.6   	
1380.000000	1.07039e+06	1380.000000	1.04732e+06	1380.000000	1.06136e+06	1380.000000	1.06696e+06	1380.000000	1.06137e+06	1380.000000	5251.32   	1380.000000	3058.38   	1380.000000	9699.62   	1380.000000	8859.16   	1380.000000	11822.3   	
1400.000000	1.09072e+06	1400.000000	1.06711e+06	1400.000000	1.08139e+06	1400.000000	1.08709e+06	1400.000000	1.08139e+06	1400.000000	5322.81   	1400.000000	3113.36   	1400.000000	9852.99   	1400.000000	9009.86   	1400.000000	12030.8   	
1420.000000	1.11107e+06	1420.000000	1.08692e+06	1420.000000	1.10144e+06	1420.000000	1.10726e+06	1420.000000	1.10144e+06	1420.000000	5393.85   	1420.000000	3168.44   	1420.000000	10005.9   	1420.000000	9160.34   	1420.000000	12239.2   	
1440.000000	1.13145e+06	1440.000000	1.10675e+06	1440.000000	1.12152e+06	1440.000000	1.12745e+06	1440.000000	1.12153e+06	1440.000000	5464.43   	1440.000000	3223.62   	1440.000000	10158.2   	1440.000000	9310.59   	1440.000000	12447.4   	
1460.000000	1.15185e+06	1460.000000	1.12661e+06	1460.000000	1.14164e+06	1460.000000	1.14768e+06	1460.000000	1.14164e+06	1460.000000	5534.57   	1460.000000	3278.9    	1460.000000	10310.1   	1460.000000	9460.61   	1460.000000	12655.4   	
1480.000000	1.17226e+06	1480.000000	1.1465e+06	1480.000000	1.16177e+06	1480.000000	1.16793e+06	1480.000000	1.16177e+06	1480.000000	5604.25   	1480.000000	3334.28   	1480.000000	10461.5   	1480.000000	9610.37   	1480.000000	12863.1   	
1500.000000	1.1927e+06	1500.000000	1.1664e+06	1500.000000	1.18194e+06	1500.000000	1.18821e+06	1500.000000	1.18194e+06	1500.000000	5673.5    	1500.000000	3389.77   	1500.000000	10612.3   	1500.000000	9759.89   	1500.000000	13070.6   	
1520.000000	1.21315e+06	1520.000000	1.18633e+06	1520.000000	1.20213e+06	1520.000000	1.20851e+06	1520.000000	1.20213e+06	1520.000000	5742.31   	1520.000000	3445.35   	1520.000000	10762.7   	1520.000000	9909.16   	1520.000000	13277.9   	
1540.000000	1.23362e+06	1540.000000	1.20627e+06	1540.000000	1.22234e+06	1540.000000	1.22884e+06	1540.000000	1.22234e+06	1540.000000	5810.68   	1540.000000	3501.03   	1540.000000	10912.6   	1540.000000	10058.2   	1540.000000	13484.9   	
1560.000000	1.2541e+06	1560.000000	1.22623e+06	1560.000000	1.24258e+06	1560.000000	1.24919e+06	1560.000000	1.24258e+06	1560.000000	5878.63   	1560.000000	3556.8    	1560.000000	11061.9   	1560.000000	10206.9   	1560.000000	13691.7   	
1580.000000	1.27459e+06	1580.000000	1.2462e+06	1580.000000	1.26284e+06	1580.000000	1.26956e+06	1580.000000	1.26283e+06	1580.000000	5946.15   	1580.000000	3612.67   	1580.000000	11210.7   	1580.000000	10355.3   	1580.000000	13898.2   	
1600.000000	1.29509e+06	1600.000000	1.26619e+06	1600.000000	1.28311e+06	1600.000000	1.28996e+06	1600.000000	1.28311e+06	1600.000000	6013.25   	1600.000000	3668.62   	1600.000000	11359.1   	1600.000000	10503.5   	1600.000000	14104.4   	
1620.000000	1.3156e+06	1620.000000	1.28619e+06	1620.000000	1.30341e+06	1620.000000	1.31037e+06	1620.000000	1.30341e+06	1620.000000	6079.94   	1620.000000	3724.66   	1620.000000	11506.9   	1620.000000	10651.4   	1620.000000	14310.3   	
1640.000000	1.33611e+06	1640.000000	1.30621e+06	1640.000000	1.32373e+06	1640.000000	1.3308e+06	1640.000000	1.32373e+06	1640.000000	6146.21   	1640.000000	3780.79   	1640.000000	11654.2   	1640.000000	10799     	1640.000000	14515.9   	
1660.000000	1.35663e+06	1660.000000	1.32623e+06	1660.000000	1.34406e+06	1660.000000	1.35125e+06	1660.000000	1.34406e+06	1660.000000	6212.07   	1660.000000	3836.99   	1660.000000	11801     	1660.000000	10946.3   	1660.000000	14721.1   	
1680.000000	1.37716e+06	1680.000000	1.34626e+06	1680.000000	1.36441e+06	1680.000000	1.37171e+06	1680.000000	1.36441e+06	1680.000000	6277.53   	1680.000000	3893.28   	1680.000000	11947.3   	1680.000000	11093.4   	1680.000000	14926.1   	
1700.000000	1.39769e+06	1700.000000	1.36631e+06	1700.000000	1.38478e+06	1700.000000	1.3922e+06	1700.000000	1.38478e+06	1700.000000	6342.6    	1700.000000	3949.64   	1700.000000	12093.1   	1700.000000	11240.1   	1700.000000	15130.8   	
1750.000000	1.44901e+06	1750.000000	1.41645e+06	1750.000000	1.43576e+06	1750.000000	1.44347e+06	1750.000000	1.43576e+06	1750.000000	6503.53   	1750.000000	4090.89   	1750.000000	12455.4   	1750.000000	11605.5   	1750.000000	15641     	
1800.000000	1.50033e+06	1800.000000	1.46662e+06	1800.000000	1.48683e+06	1800.000000	1.49482e+06	1800.000000	1.48683e+06	1800.000000	6662.07   	1800.000000	4232.63   	1800.000000	12814.5   	1800.000000	11969     	1800.000000	16149     	
1850.000000	1.55162e+06	1850.000000	1.51681e+06	1850.000000	1.53797e+06	1850.000000	1.54626e+06	1850.000000	1.53797e+06	1850.000000	6818.26   	1850.000000	4374.88   	1850.000000	13170.5   	1850.000000	12330.6   	1850.000000	16654.8   	
1900.000000	1.60287e+06	1900.000000	1.56701e+06	1900.000000	1.58918e+06	1900.000000	1.59775e+06	1900.000000	1.58918e+06	1900.000000	6972.18   	1900.000000	4517.65   	1900.000000	13523.3   	1900.000000	12690.1   	1900.000000	17158.4   	
1950.000000	1.65406e+06	1950.000000	1.6172e+06	1950.000000	1.64044e+06	1950.000000	1.64931e+06	1950.000000	1.64045e+06	1950.000000	7123.88   	1950.000000	4660.95   	1950.000000	13873.1   	1950.000000	13047.6   	1950.000000	17659.5   	
2000.000000	1.70518e+06	2000.000000	1.66738e+06	2000.000000	1.69175e+06	2000.000000	1.70091e+06	2000.000000	1.69176e+06	2000.000000	7273.43   	2000.000000	4804.78   	2000.000000	14219.9   	2000.000000	13403     	2000.000000	18158.3   	
2100.000000	1.80717e+06	2100.000000	1.76765e+06	2100.000000	1.7945e+06	2100.000000	1.80422e+06	2100.000000	1.7945e+06	2100.000000	7566.3    	2100.000000	5094.03   	2100.000000	14904.4   	2100.000000	14107.6   	2100.000000	19148.5   	
2200.000000	1.90874e+06	2200.000000	1.86774e+06	2200.000000	1.89735e+06	2200.000000	1.90765e+06	2200.000000	1.89735e+06	2200.000000	7851.22   	2200.000000	5385.34   	2200.000000	15577.2   	2200.000000	14803.8   	2200.000000	20128.7   	
2300.000000	2.0098e+06	2300.000000	1.9676e+06	2300.000000	2.00027e+06	2300.000000	2.01115e+06	2300.000000	2.00027e+06	2300.000000	8128.63   	2300.000000	5678.66   	2300.000000	16238.5   	2300.000000	15491.7   	2300.000000	21098.8   	
2400.000000	2.11031e+06	2400.000000	2.06717e+06	2400.000000	2.10322e+06	2400.000000	2.11467e+06	2400.000000	2.10323e+06	2400.000000	8398.91   	2400.000000	5973.88   	2400.000000	16888.7   	2400.000000	16171.2   	2400.000000	22058.6   	
2500.000000	2.2102e+06	2500.000000	2.16641e+06	2500.000000	2.20618e+06	2500.000000	2.2182e+06	2500.000000	2.20618e+06	2500.000000	8662.44   	2500.000000	6270.94   	2500.000000	17528.2   	2500.000000	16842.4   	2500.000000	23008.2   	
2600.000000	2.30942e+06	2600.000000	2.26527e+06	2600.000000	2.30911e+06	2600.000000	2.3217e+06	2600.000000	2.30911e+06	2600.000000	8919.56   	2600.000000	6569.77   	2600.000000	18157.3   	2600.000000	17505.4   	2600.000000	23947.5   	
2700.000000	2.40793e+06	2700.000000	2.36373e+06	2700.000000	2.412e+06 	2700.000000	2.42516e+06	2700.000000	2.412e+06 	2700.000000	9170.61   	2700.000000	6870.35   	2700.000000	18776.2   	2700.000000	18160.3   	2700.000000	24876.7   	
2800.000000	2.5057e+06	2800.000000	2.46175e+06	2800.000000	2.51482e+06	2800.000000	2.52854e+06	2800.000000	2.51482e+06	2800.000000	9415.87   	2800.000000	7172.69   	2800.000000	19385.4   	2800.000000	18807.2   	2800.000000	25795.7   	
2900.000000	2.60269e+06	2900.000000	2.55932e+06	2900.000000	2.61756e+06	2900.000000	2.63185e+06	2900.000000	2.61756e+06	2900.000000	9655.64   	2900.000000	7476.79   	2900.000000	19985.1   	2900.000000	19446.3   	2900.000000	26704.8   	
3000.000000	2.69889e+06	3000.000000	2.65641e+06	3000.000000	2.72021e+06	3000.000000	2.73506e+06	3000.000000	2.72021e+06	3000.000000	9890.19   	3000.000000	7782.69   	3000.000000	20575.6   	3000.000000	20077.7   	3000.000000	27604.1   	
3200.000000	2.88882e+06	3200.000000	2.84908e+06	3200.000000	2.92518e+06	3200.000000	2.94114e+06	3200.000000	2.92517e+06	3200.000000	10344.5   	3200.000000	8399.88   	3200.000000	21730.4   	3200.000000	21317.9   	3200.000000	29373.6   	
3400.000000	3.07537e+06	3400.000000	3.03965e+06	3400.000000	3.12967e+06	3400.000000	3.14673e+06	3400.000000	3.12965e+06	3400.000000	10780.8   	3400.000000	9024.25   	3400.000000	22851.9   	3400.000000	22529.2   	3400.000000	31105.6   	
3600.000000	3.25846e+06	3600.000000	3.22807e+06	3600.000000	3.33361e+06	3600.000000	3.35178e+06	3600.000000	3.33359e+06	3600.000000	11200.4   	3600.000000	9655.68   	3600.000000	23942.4   	3600.000000	23712.7   	3600.000000	32801.3   	
3800.000000	3.43807e+06	3800.000000	3.41426e+06	3800.000000	3.53698e+06	3800.000000	3.55624e+06	3800.000000	3.53697e+06	3800.000000	11604.8   	3800.000000	10294     	3800.000000	25003.6   	3800.000000	24869.6   	3800.000000	34462.3   	
4000.000000	3.61418e+06	4000.000000	3.59821e+06	4000.000000	3.73976e+06	4000.000000	3.76011e+06	4000.000000	3.73975e+06	4000.000000	11995.3   	4000.000000	10939.1   	4000.000000	26037.4   	4000.000000	26001.1   	4000.000000	36089.7   	
4200.000000	3.7868e+06	4200.000000	3.77991e+06	4200.000000	3.94193e+06	4200.000000	3.96336e+06	4200.000000	3.94192e+06	4200.000000	12372.9   	4200.000000	11590.7   	4200.000000	27045.4   	4200.000000	27108.4   	4200.000000	37685.1   	
4400.000000	3.95596e+06	4400.000000	3.95935e+06	4400.000000	4.1435e+06	4400.000000	4.166e+06 	4400.000000	4.14349e+06	4400.000000	12738.6   	4400.000000	12248.9   	4400.000000	28029.1   	4400.000000	28192.6   	4400.000000	39249.6   	
4600.000000	4.12171e+06	4600.000000	4.13654e+06	4600.000000	4.34445e+06	4600.000000	4.36801e+06	4600.000000	4.34444e+06	4600.000000	13093.2   	4600.000000	12913.4   	4600.000000	28989.8   	4600.000000	29254.6   	4600.000000	40784.6   	
4800.000000	4.2841e+06	4800.000000	4.3115e+06	4800.000000	4.5448e+06	4800.000000	4.56941e+06	4800.000000	4.54479e+06	4800.000000	13437.6   	4800.000000	13584.3   	4800.000000	29928.9   	4800.000000	30295.5   	4800.000000	42291.3   	
5000.000000	4.44318e+06	5000.000000	4.48426e+06	5000.000000	4.74454e+06	5000.000000	4.77019e+06	5000.000000	4.74453e+06	5000.000000	13772.3   	5000.000000	14261.5   	5000.000000	30847.5   	5000.000000	31316.1   	5000.000000	43770.9   	
5250.000000	4.63748e+06	5250.000000	4.69714e+06	5250.000000	4.99339e+06	5250.000000	5.02033e+06	5250.000000	4.99337e+06	5250.000000	14178.3   	5250.000000	15116.6   	5250.000000	31968.5   	5250.000000	32564.9   	5250.000000	45583.8   	
5500.000000	4.82685e+06	5500.000000	4.90668e+06	5500.000000	5.24132e+06	5500.000000	5.26953e+06	5500.000000	5.24129e+06	5500.000000	14571.3   	5500.000000	15981.4   	5500.000000	33061     	5500.000000	33784.9   	5500.000000	47357.9   	
6000.000000	5.19135e+06	6000.000000	5.31599e+06	6000.000000	5.73451e+06	6000.000000	5.76525e+06	6000.000000	5.73448e+06	6000.000000	15322.5   	6000.000000	17739.1   	6000.000000	35167.7   	6000.000000	36145     	6000.000000	50797.7   	
6500.000000	5.53782e+06	6500.000000	5.71277e+06	6500.000000	6.22429e+06	6500.000000	6.25752e+06	6500.000000	6.22425e+06	6500.000000	16032.4   	6500.000000	19533.8   	6500.000000	37179.5   	6500.000000	38407.1   	6500.000000	54103.8   	
7000.000000	5.86738e+06	7000.000000	6.0976e+06	7000.000000	6.71085e+06	7000.000000	6.74651e+06	7000.000000	6.7108e+06	7000.000000	16706.3   	7000.000000	21364     	7000.000000	39106.8   	7000.000000	40580.3   	7000.000000	57288.4   	
7500.000000	6.18111e+06	7500.000000	6.47108e+06	7500.000000	7.19435e+06	7500.000000	7.23242e+06	7500.000000	7.19429e+06	7500.000000	17348.6   	7500.000000	23229.1   	7500.000000	40958.1   	7500.000000	42672.7   	7500.000000	60362     	
8000.000000	6.48005e+06	8000.000000	6.83378e+06	8000.000000	7.67496e+06	8000.000000	7.71541e+06	8000.000000	7.6749e+06	8000.000000	17962.8   	8000.000000	25128.5   	8000.000000	42740.7   	8000.000000	44691.1   	8000.000000	63333.6   	
8500.000000	6.76516e+06	8500.000000	7.18625e+06	8500.000000	8.15285e+06	8500.000000	8.19565e+06	8500.000000	8.15278e+06	8500.000000	18551.9   	8500.000000	27061.4   	8500.000000	44460.9   	8500.000000	46641.8   	8500.000000	66211.6   	
9000.000000	7.03733e+06	9000.000000	7.52902e+06	9000.000000	8.62816e+06	9000.000000	8.67327e+06	9000.000000	8.62809e+06	9000.000000	19118.5   	9000.000000	29027.2   	9000.000000	46124.1   	9000.000000	48530     	9000.000000	69003     	
9500.000000	7.29741e+06	9500.000000	7.86258e+06	9500.000000	9.10103e+06	9500.000000	9.14843e+06	9500.000000	9.10096e+06	9500.000000	19664.6   	9500.000000	31025     	9500.000000	47735     	9500.000000	50360.6   	9500.000000	71714.2   	
10000.000000	7.54617e+06	10000.000000	8.18738e+06	10000.000000	9.57159e+06	10000.000000	9.62124e+06	10000.000000	9.57151e+06	10000.000000	20192     	10000.000000	33053.3   	10000.000000	49297.7   	10000.000000	52137.6   	10000.000000	74350.9   	
11000.000000	8.0125e+06	11000.000000	8.81244e+06	11000.000000	1.05062e+07	11000.000000	1.05603e+07	11000.000000	1.05061e+07	11000.000000	21197.4   	11000.000000	37197.5   	11000.000000	52292.7   	11000.000000	55545.8   	11000.000000	79420.4   	
12000.000000	8.44139e+06	12000.000000	9.40735e+06	12000.000000	1.14329e+07	12000.000000	1.14913e+07	12000.000000	1.14328e+07	12000.000000	22145     	12000.000000	41458.4   	12000.000000	55133.6   	12000.000000	58780.1   	12000.000000	84246.4   	
13000.000000	8.83717e+06	13000.000000	9.97487e+06	13000.000000	1.23523e+07	13000.000000	1.24151e+07	13000.000000	1.23523e+07	13000.000000	23043     	13000.000000	45833.3   	13000.000000	57839.7   	13000.000000	61861.5   	13000.000000	88857.3   	
14000.000000	9.20354e+06	14000.000000	1.05174e+07	14000.000000	1.32651e+07	14000.000000	1.33321e+07	14000.000000	1.32651e+07	14000.000000	23897.9   	14000.000000	50315.7   	14000.000000	60427.1   	14000.000000	64806.9   	14000.000000	93276.6   	
15000.000000	9.54367e+06	15000.000000	1.10371e+07	15000.000000	1.41719e+07	15000.000000	1.42429e+07	15000.000000	1.41719e+07	15000.000000	24715     	15000.000000	54899     	15000.000000	62908.7   	15000.000000	67630.8   	15000.000000	97523.9   	
16000.000000	9.86029e+06	16000.000000	1.15358e+07	16000.000000	1.50731e+07	16000.000000	1.51481e+07	16000.000000	1.5073e+07	16000.000000	25498.4   	16000.000000	59579.1   	16000.000000	65295.4   	16000.000000	70345.1   	16000.000000	101616    	
17000.000000	1.01558e+07	17000.000000	1.20151e+07	17000.000000	1.59691e+07	17000.000000	1.60479e+07	17000.000000	1.5969e+07	17000.000000	26251.8   	17000.000000	64353.8   	17000.000000	67596.4   	17000.000000	72960.2   	17000.000000	105567    	
18000.000000	1.04322e+07	18000.000000	1.24766e+07	18000.000000	1.68602e+07	18000.000000	1.69429e+07	18000.000000	1.68601e+07	18000.000000	26978.2   	18000.000000	69222     	18000.000000	69819.4   	18000.000000	75484.8   	18000.000000	109390    	
19000.000000	1.06913e+07	19000.000000	1.29215e+07	19000.000000	1.77469e+07	19000.000000	1.78333e+07	19000.000000	1.77467e+07	19000.000000	27680     	19000.000000	74182.4   	19000.000000	71971.4   	19000.000000	77926.6   	19000.000000	113094    	
20000.000000	1.09346e+07	20000.000000	1.33511e+07	20000.000000	1.86292e+07	20000.000000	1.87193e+07	20000.000000	1.8629e+07	20000.000000	28359.6   	20000.000000	79233.9   	20000.000000	74058.1   	20000.000000	80292.2   	20000.000000	116689    	
21000.000000	1.11637e+07	21000.000000	1.37662e+07	21000.000000	1.95075e+07	21000.000000	1.96013e+07	21000.000000	1.95074e+07	21000.000000	29018.7   	21000.000000	84375.1   	21000.000000	76084.6   	21000.000000	82587.5   	21000.000000	120184    	
22000.000000	1.13797e+07	22000.000000	1.41681e+07	22000.000000	2.03821e+07	22000.000000	2.04795e+07	22000.000000	2.0382e+07	22000.000000	29659     	22000.000000	89603.8   	22000.000000	78055.4   	22000.000000	84817.7   	22000.000000	123586    	
23000.000000	1.15836e+07	23000.000000	1.45573e+07	23000.000000	2.12532e+07	23000.000000	2.13541e+07	23000.000000	2.1253e+07	23000.000000	30281.9   	23000.000000	94915.2   	23000.000000	79974.5   	23000.000000	86987.3   	23000.000000	126900    	
24000.000000	1.17766e+07	24000.000000	1.49348e+07	24000.000000	2.21209e+07	24000.000000	2.22253e+07	24000.000000	2.21208e+07	24000.000000	30888.8   	24000.000000	100304    	24000.000000	81845.3   	24000.000000	89100.4   	24000.000000	130134    	
25000.000000	1.19593e+07	25000.000000	1.53013e+07	25000.000000	2.29854e+07	25000.000000	2.30932e+07	25000.000000	2.29853e+07	25000.000000	31480.7   	25000.000000	105768    	25000.000000	83671.1   	25000.000000	91160.7   	25000.000000	133291    	
26000.000000	1.21327e+07	26000.000000	1.56574e+07	26000.000000	2.38469e+07	26000.000000	2.39581e+07	26000.000000	2.38468e+07	26000.000000	32058.7   	26000.000000	111308    	26000.000000	85454.6   	26000.000000	93171.4   	26000.000000	136377    	
27000.000000	1.22974e+07	27000.000000	1.60036e+07	27000.000000	2.47056e+07	27000.000000	2.482e+07 	27000.000000	2.47054e+07	27000.000000	32623.5   	27000.000000	116921    	27000.000000	87198.5   	27000.000000	95135.6   	27000.000000	139395    	
28000.000000	1.2454e+07	28000.000000	1.63406e+07	28000.000000	2.55614e+07	28000.000000	2.5679e+07	28000.000000	2.55613e+07	28000.000000	33176.2   	28000.000000	122605    	28000.000000	88905     	28000.000000	97055.9   	28000.000000	142351    	
29000.000000	1.26032e+07	29000.000000	1.66688e+07	29000.000000	2.64147e+07	29000.000000	2.65354e+07	29000.000000	2.64145e+07	29000.000000	33717.3   	29000.000000	128361    	29000.000000	90576.1   	29000.000000	98934.8   	29000.000000	145246    	
30000.000000	1.27454e+07	30000.000000	1.69887e+07	30000.000000	2.72654e+07	30000.000000	2.73892e+07	30000.000000	2.72653e+07	30000.000000	34247.5   	30000.000000	134188    	30000.000000	92214     	30000.000000	100775    	30000.000000	148085    	
32000.000000	1.30107e+07	32000.000000	1.76051e+07	32000.000000	2.89597e+07	32000.000000	2.90896e+07	32000.000000	2.89596e+07	32000.000000	35277.8   	32000.000000	146048    	32000.000000	95396.4   	32000.000000	104345    	32000.000000	153604    	
34000.000000	1.32533e+07	34000.000000	1.8193e+07	34000.000000	3.06451e+07	34000.000000	3.07808e+07	34000.000000	3.06451e+07	34000.000000	36271.3   	34000.000000	158169    	34000.000000	98464.5   	34000.000000	107781    	34000.000000	158928    	
36000.000000	1.34759e+07	36000.000000	1.87548e+07	36000.000000	3.23223e+07	36000.000000	3.24635e+07	36000.000000	3.23223e+07	36000.000000	37231.5   	36000.000000	170534    	36000.000000	101429    	36000.000000	111095    	36000.000000	164075    	
38000.000000	1.36809e+07	38000.000000	1.9293e+07	38000.000000	3.39919e+07	38000.000000	3.41383e+07	38000.000000	3.39919e+07	38000.000000	38161.5   	38000.000000	183135    	38000.000000	104298    	38000.000000	114298    	38000.000000	169060    	
40000.000000	1.38702e+07	40000.000000	1.98094e+07	40000.000000	3.56544e+07	40000.000000	3.58058e+07	40000.000000	3.56544e+07	40000.000000	39063.9   	40000.000000	195966    	40000.000000	107081    	40000.000000	117400    	40000.000000	173896    	
42000.000000	1.40455e+07	42000.000000	2.03057e+07	42000.000000	3.73102e+07	42000.000000	3.74663e+07	42000.000000	3.73102e+07	42000.000000	39940.9   	42000.000000	209021    	42000.000000	109783    	42000.000000	120407    	42000.000000	178594    	
44000.000000	1.42082e+07	44000.000000	2.07836e+07	44000.000000	3.89598e+07	44000.000000	3.91203e+07	44000.000000	3.89598e+07	44000.000000	40794.6   	44000.000000	222296    	44000.000000	112411    	44000.000000	123328    	44000.000000	183166    	
46000.000000	1.43598e+07	46000.000000	2.12444e+07	46000.000000	4.06034e+07	46000.000000	4.07681e+07	46000.000000	4.06034e+07	46000.000000	41626.7   	46000.000000	235785    	46000.000000	114970    	46000.000000	126168    	46000.000000	187619    	
48000.000000	1.45011e+07	48000.000000	2.16893e+07	48000.000000	4.22415e+07	48000.000000	4.24102e+07	48000.000000	4.22416e+07	48000.000000	42438.6   	48000.000000	249483    	48000.000000	117465    	48000.000000	128933    	48000.000000	191962    	
50000.000000	1.46332e+07	50000.000000	2.21193e+07	50000.000000	4.38744e+07	50000.000000	4.40466e+07	50000.000000	4.38744e+07	50000.000000	43231.9   	50000.000000	263382    	50000.000000	119900    	50000.000000	131628    	50000.000000	196201    	
