! 11B range in Si
! apply ZOOM for details
Energy (MeV/u)1	0 - [He-base] F.Hubert et al, AD&ND Tables 46(1990)1	Energy (MeV/u)2	1 - [H -base] J.F.Ziegler et al,Pergamon Press,NY(low energy)	Energy (MeV/u)3	2 - ATIMA 1.2 LS-theory (recommended for high energy)	Energy (MeV/u)4	3 - ATIMA 1.2 without LS-correction	Energy (MeV/u)5	4 - ATIMA 1.4 H.Weick, improved mean charge formula for HI	Energy (MeV/u)6	5 - Range straggling - method [0] - LISE	Energy (MeV/u)7	6 - Range straggling - method [1] - Atima	Energy (MeV/u)8	7 - Lateral range - method [0] - LISE	Energy (MeV/u)9	8 - Lateral range - method [1] - Atima	Energy (MeV/u)10	9 - Lateral range - method [2] - PDG	
0.001000	0.056131  	0.001000	0.056131  	0.001000	0.0512544 	0.001000	0.0512544 	0.001000	0.0512626 	0.001000	0         	0.001000	0         	0.001000	0.000720401	0.001000	0.00116365	0.001000	0.000538377	
0.002000	0.114285  	0.002000	0.112262  	0.002000	0.102509  	0.002000	0.102509  	0.002000	0.102525  	0.002000	0.00705598	0.002000	0.00705598	0.002000	0.00210966	0.002000	0.00329202	0.002000	0.00164097	
0.005000	0.26568   	0.005000	0.25839   	0.005000	0.236044  	0.005000	0.236044  	0.005000	0.236071  	0.005000	0.00841247	0.005000	0.00841247	0.005000	0.00762413	0.005000	0.0114724 	0.005000	0.00615189	
0.008000	0.396998  	0.008000	0.385141  	0.008000	0.352453  	0.008000	0.352453  	0.008000	0.352485  	0.008000	0.00847376	0.008000	0.00847376	0.008000	0.0141545 	0.008000	0.020922  	0.008000	0.0116076 	
0.010000	0.477226  	0.010000	0.462578  	0.010000	0.423887  	0.010000	0.423887  	0.010000	0.423921  	0.010000	0.00869198	0.010000	0.00869198	0.010000	0.01882   	0.010000	0.0275912 	0.010000	0.0155428 	
0.015000	0.659473  	0.015000	0.638485  	0.015000	0.587191  	0.015000	0.587191  	0.015000	0.587227  	0.015000	0.00982443	0.015000	0.00982443	0.015000	0.0311184 	0.015000	0.0449762 	0.015000	0.0260037 	
0.020000	0.810965  	0.020000	0.784707  	0.020000	0.727525  	0.020000	0.727525  	0.020000	0.727564  	0.020000	0.0111359 	0.020000	0.0111359 	0.020000	0.0432483 	0.020000	0.0619923 	0.020000	0.0363785 	
0.025000	0.93747   	0.025000	0.906812  	0.025000	0.848513  	0.025000	0.848513  	0.025000	0.848552  	0.025000	0.0122741 	0.025000	0.0122741 	0.025000	0.0547312 	0.025000	0.078038  	0.025000	0.0462274 	
0.030000	1.04684   	0.030000	1.01238   	0.030000	0.955736  	0.030000	0.955736  	0.030000	0.955776  	0.030000	0.0132335 	0.030000	0.0132335 	0.030000	0.0656571 	0.030000	0.0932527 	0.030000	0.0556217 	
0.035000	1.14398   	0.035000	1.10614   	0.035000	1.05312   	0.035000	1.05312   	0.035000	1.05316   	0.035000	0.0140572 	0.035000	0.0140572 	0.035000	0.0761667 	0.035000	0.107839  	0.035000	0.0646792 	
0.040000	1.23264   	0.040000	1.19171   	0.040000	1.14283   	0.040000	1.14283   	0.040000	1.14287   	0.040000	0.0147722 	0.040000	0.0147722 	0.040000	0.0863227 	0.040000	0.121894  	0.040000	0.0734497 	
0.045000	1.31494   	0.045000	1.27115   	0.045000	1.22646   	0.045000	1.22646   	0.045000	1.2265    	0.045000	0.0154022 	0.045000	0.0154022 	0.045000	0.0961884 	0.045000	0.135511  	0.045000	0.081985  	
0.050000	1.39231   	0.050000	1.34583   	0.050000	1.30518   	0.050000	1.30518   	0.050000	1.30522   	0.050000	0.0159656 	0.050000	0.0158056 	0.050000	0.105819  	0.050000	0.14877   	0.050000	0.0903309 	
0.055000	1.46577   	0.055000	1.41674   	0.055000	1.37991   	0.055000	1.37991   	0.055000	1.37995   	0.055000	0.0164767 	0.055000	0.0160834 	0.055000	0.11425   	0.055000	0.160349  	0.055000	0.0976501 	
0.060000	1.53614   	0.060000	1.48466   	0.060000	1.45134   	0.060000	1.45134   	0.060000	1.45138   	0.060000	0.0169464 	0.060000	0.0163395 	0.060000	0.121351  	0.060000	0.170075  	0.060000	0.103825  	
0.070000	1.66992   	0.070000	1.61378   	0.070000	1.58643   	0.070000	1.58643   	0.070000	1.58647   	0.070000	0.0177933 	0.070000	0.0168046 	0.070000	0.133208  	0.070000	0.18592   	0.070000	0.11416   	
0.080000	1.79717   	0.080000	1.73661   	0.080000	1.71377   	0.080000	1.71377   	0.080000	1.71381   	0.080000	0.0185537 	0.080000	0.0172272 	0.080000	0.142822  	0.080000	0.198584  	0.080000	0.122568  	
0.090000	1.92017   	0.090000	1.85532   	0.090000	1.83558   	0.090000	1.83558   	0.090000	1.83562   	0.090000	0.0192577 	0.090000	0.0176234 	0.090000	0.151098  	0.090000	0.209329  	0.090000	0.12983   	
0.100000	2.04039   	0.100000	1.97136   	0.100000	1.95343   	0.100000	1.95343   	0.100000	1.95347   	0.100000	0.0199248 	0.100000	0.0180039 	0.100000	0.15834   	0.100000	0.21864   	0.100000	0.136203  	
0.120000	2.27617   	0.120000	2.19894   	0.120000	2.18143   	0.120000	2.18143   	0.120000	2.18147   	0.120000	0.0211978 	0.120000	0.0187439 	0.120000	0.170939  	0.120000	0.234668  	0.120000	0.147338  	
0.140000	2.50845   	0.140000	2.42315   	0.140000	2.40361   	0.140000	2.40361   	0.140000	2.40365   	0.140000	0.0224377 	0.140000	0.0194825 	0.140000	0.18177   	0.140000	0.248302  	0.140000	0.156963  	
0.160000	2.73892   	0.160000	2.6456    	0.160000	2.62321   	0.160000	2.62321   	0.160000	2.62325   	0.160000	0.0236773 	0.160000	0.0202376 	0.160000	0.191494  	0.160000	0.260437  	0.160000	0.165646  	
0.180000	2.96897   	0.180000	2.86765   	0.180000	2.84208   	0.180000	2.84208   	0.180000	2.84212   	0.180000	0.0249328 	0.180000	0.021018  	0.180000	0.200546  	0.180000	0.271643  	0.180000	0.173759  	
0.200000	3.19933   	0.200000	3.08999   	0.200000	3.06127   	0.200000	3.06127   	0.200000	3.06131   	0.200000	0.0262115 	0.200000	0.0218274 	0.200000	0.208949  	0.200000	0.281981  	0.200000	0.181323  	
0.250000	3.77714   	0.250000	3.64771   	0.250000	3.61404   	0.250000	3.61404   	0.250000	3.61408   	0.250000	0.0295198 	0.250000	0.0239791 	0.250000	0.22848   	0.250000	0.305723  	0.250000	0.198995  	
0.300000	4.35765   	0.300000	4.20802   	0.300000	4.17607   	0.300000	4.17607   	0.300000	4.17611   	0.300000	0.0329708 	0.300000	0.0262923 	0.300000	0.246401  	0.300000	0.327174  	0.300000	0.215325  	
0.350000	4.93972   	0.350000	4.76984   	0.350000	4.74815   	0.350000	4.74815   	0.350000	4.74819   	0.350000	0.0365317 	0.350000	0.0287325 	0.350000	0.263377  	0.350000	0.347204  	0.350000	0.230871  	
0.400000	5.52346   	0.400000	5.33327   	0.400000	5.32709   	0.400000	5.32709   	0.400000	5.32713   	0.400000	0.040119  	0.400000	0.0312298 	0.400000	0.279607  	0.400000	0.366092  	0.400000	0.245796  	
0.450000	6.10543   	0.450000	5.895     	0.450000	5.91177   	0.450000	5.91177   	0.450000	5.91181   	0.450000	0.0437036 	0.450000	0.0337532 	0.450000	0.295064  	0.450000	0.383867  	0.450000	0.260072  	
0.500000	6.68853   	0.500000	6.45781   	0.500000	6.50344   	0.500000	6.50344   	0.500000	6.50348   	0.500000	0.0473043 	0.500000	0.0363075 	0.500000	0.310153  	0.500000	0.401039  	0.500000	0.274048  	
0.600000	7.85829   	0.600000	7.58688   	0.600000	7.71138   	0.600000	7.71138   	0.600000	7.71142   	0.600000	0.0546083 	0.600000	0.041525  	0.600000	0.339355  	0.600000	0.433908  	0.600000	0.301212  	
0.700000	9.04612   	0.700000	8.7334    	0.700000	8.95853   	0.700000	8.95853   	0.700000	8.95856   	0.700000	0.0621491 	0.700000	0.0469339 	0.700000	0.367804  	0.700000	0.465561  	0.700000	0.3278    	
0.800000	10.2759   	0.800000	9.92035   	0.800000	10.2477   	0.800000	10.2477   	0.800000	10.2478   	0.800000	0.0699631 	0.800000	0.0525412 	0.800000	0.39577   	0.800000	0.496441  	0.800000	0.354038  	
0.900000	11.5545   	0.900000	11.1545   	0.900000	11.5803   	0.900000	11.5803   	0.900000	11.5803   	0.900000	0.0780644 	0.900000	0.0583438 	0.900000	0.423574  	0.900000	0.526946  	0.900000	0.380191  	
1.000000	12.8839   	1.000000	12.4377   	1.000000	12.9571   	1.000000	12.9571   	1.000000	12.9571   	1.000000	0.086465  	1.000000	0.064341  	1.000000	0.451276  	1.000000	0.55719   	1.000000	0.406315  	
1.250000	16.4397   	1.250000	15.8698   	1.250000	16.5993   	1.250000	16.5993   	1.250000	16.5993   	1.250000	0.108884  	1.250000	0.0803972 	1.250000	0.520904  	1.250000	0.632701  	1.250000	0.472174  	
1.500000	20.3318   	1.500000	19.6265   	1.500000	20.5453   	1.500000	20.5453   	1.500000	20.5454   	1.500000	0.133622  	1.500000	0.0989387 	1.500000	0.592071  	1.500000	0.709282  	1.500000	0.539719  	
1.750000	24.5822   	1.750000	23.7291   	1.750000	24.7924   	1.750000	24.7924   	1.750000	24.7924   	1.750000	0.160603  	1.750000	0.119487  	1.750000	0.665301  	1.750000	0.787583  	1.750000	0.609397  	
2.000000	29.1846   	2.000000	28.1713   	2.000000	29.3368   	2.000000	29.3368   	2.000000	29.3368   	2.000000	0.189776  	2.000000	0.141655  	2.000000	0.740888  	2.000000	0.867953  	2.000000	0.68145   	
2.250000	34.1275   	2.250000	32.9423   	2.250000	34.1768   	2.250000	34.1768   	2.250000	34.1768   	2.250000	0.221133  	2.250000	0.165255  	2.250000	0.819012  	2.250000	0.950632  	2.250000	0.756036  	
2.500000	39.3997   	2.500000	38.034    	2.500000	39.311    	2.500000	39.311    	2.500000	39.311    	2.500000	0.25468   	2.500000	0.190182  	2.500000	0.885981  	2.500000	1.03581   	2.500000	0.820249  	
3.000000	50.4487   	3.000000	49.1897   	3.000000	50.4575   	3.000000	50.4575   	3.000000	50.4575   	3.000000	0.328363  	3.000000	0.243791  	3.000000	1.02352   	3.000000	1.20341   	3.000000	0.952239  	
3.500000	62.7009   	3.500000	61.5983   	3.500000	62.7656   	3.500000	62.7656   	3.500000	62.7656   	3.500000	0.410834  	3.500000	0.302223  	3.500000	1.17474   	3.500000	1.36323   	3.500000	1.09738   	
4.000000	76.1431   	4.000000	75.2042   	4.000000	76.2226   	4.000000	76.2226   	4.000000	76.2226   	4.000000	0.502047  	4.000000	0.365326  	4.000000	1.33928   	4.000000	1.53601   	4.000000	1.25539   	
4.500000	90.7612   	4.500000	89.9702   	4.500000	90.8149   	4.500000	90.8149   	4.500000	90.8149   	4.500000	0.60192   	4.500000	0.432939  	4.500000	1.51683   	4.500000	1.72124   	4.500000	1.42602   	
5.000000	106.541   	5.000000	105.869   	5.000000	106.528   	5.000000	106.528   	5.000000	106.528   	5.000000	0.710347  	5.000000	0.504927  	5.000000	1.70711   	5.000000	1.91847   	5.000000	1.60904   	
5.500000	123.47    	5.500000	122.88    	5.500000	123.347   	5.500000	123.347   	5.500000	123.347   	5.500000	0.827217  	5.500000	0.581184  	5.500000	1.90984   	5.500000	2.1273    	5.500000	1.80419   	
6.000000	141.535   	6.000000	140.984   	6.000000	141.259   	6.000000	141.259   	6.000000	141.259   	6.000000	0.952421  	6.000000	0.661612  	6.000000	2.12483   	6.000000	2.34747   	6.000000	2.0113    	
6.500000	160.723   	6.500000	160.166   	6.500000	160.25    	6.500000	160.25    	6.500000	160.25    	6.500000	1.08585   	6.500000	0.74612   	6.500000	2.35185   	6.500000	2.57865   	6.500000	2.23016   	
7.000000	181.023   	7.000000	180.41    	7.000000	180.307   	7.000000	180.307   	7.000000	180.307   	7.000000	1.2274    	7.000000	0.834623  	7.000000	2.59075   	7.000000	2.82063   	7.000000	2.46062   	
7.500000	202.423   	7.500000	201.704   	7.500000	201.418   	7.500000	201.418   	7.500000	201.418   	7.500000	1.37697   	7.500000	0.927044  	7.500000	2.84133   	7.500000	3.07318   	7.500000	2.70252   	
8.000000	224.914   	8.000000	224.035   	8.000000	223.572   	8.000000	223.572   	8.000000	223.572   	8.000000	1.53448   	8.000000	1.02331   	8.000000	3.10345   	8.000000	3.33611   	8.000000	2.95571   	
8.500000	248.485   	8.500000	247.392   	8.500000	246.758   	8.500000	246.758   	8.500000	246.758   	8.500000	1.69982   	8.500000	1.12336   	8.500000	3.37698   	8.500000	3.60923   	8.500000	3.22007   	
9.000000	273.126   	9.000000	271.763   	9.000000	270.966   	9.000000	270.966   	9.000000	270.965   	9.000000	1.87293   	9.000000	1.22714   	9.000000	3.66178   	9.000000	3.89238   	9.000000	3.49548   	
9.500000	298.829   	9.500000	297.139   	9.500000	296.185   	9.500000	296.185   	9.500000	296.185   	9.500000	2.05373   	9.500000	1.33458   	9.500000	3.95773   	9.500000	4.18542   	9.500000	3.78182   	
10.000000	325.583   	10.000000	323.505   	10.000000	322.407   	10.000000	322.407   	10.000000	322.406   	10.000000	2.24214   	10.000000	1.44565   	10.000000	4.26471   	10.000000	4.4882    	10.000000	4.07898   	
11.000000	382.216   	11.000000	378.958   	11.000000	377.869   	11.000000	377.853   	11.000000	377.865   	11.000000	2.64239   	11.000000	1.67896   	11.000000	4.91197   	11.000000	5.12304   	11.000000	4.70598   	
12.000000	442.959   	12.000000	438.319   	12.000000	437.346   	12.000000	437.284   	12.000000	437.334   	12.000000	3.07422   	12.000000	1.92719   	12.000000	5.60364   	12.000000	5.79675   	12.000000	5.37657   	
13.000000	507.753   	13.000000	501.555   	13.000000	500.797   	13.000000	500.664   	13.000000	500.774   	13.000000	3.53742   	13.000000	2.1902    	13.000000	6.33936   	13.000000	6.50881   	13.000000	6.09045   	
14.000000	576.542   	14.000000	568.633   	14.000000	568.188   	14.000000	567.961   	14.000000	568.153   	14.000000	4.03181   	14.000000	2.46794   	14.000000	7.11885   	14.000000	7.25877   	14.000000	6.84737   	
15.000000	649.274   	15.000000	639.52    	15.000000	639.488   	15.000000	639.145   	15.000000	639.439   	15.000000	4.55727   	15.000000	2.76022   	15.000000	7.94187   	15.000000	8.04626   	15.000000	7.6471    	
16.000000	725.899   	16.000000	714.184   	16.000000	714.669   	16.000000	714.192   	16.000000	714.606   	16.000000	5.11368   	16.000000	3.0668    	16.000000	8.80819   	16.000000	8.87094   	16.000000	8.48948   	
17.000000	806.371   	17.000000	792.593   	17.000000	793.708   	17.000000	793.078   	17.000000	793.63    	17.000000	5.70095   	17.000000	3.38762   	17.000000	9.71762   	17.000000	9.7325    	17.000000	9.37433   	
18.000000	890.644   	18.000000	874.713   	18.000000	876.58    	18.000000	875.784   	18.000000	876.488   	18.000000	6.31902   	18.000000	3.72271   	18.000000	10.67     	18.000000	10.6307   	18.000000	10.3015   	
19.000000	978.676   	19.000000	960.516   	19.000000	963.265   	19.000000	962.291   	19.000000	963.16    	19.000000	6.96783   	19.000000	4.07209   	19.000000	11.6652   	19.000000	11.5652   	19.000000	11.271    	
20.000000	1070.43   	20.000000	1049.97   	20.000000	1053.74   	20.000000	1052.58   	20.000000	1053.63   	20.000000	7.64735   	20.000000	4.43567   	20.000000	12.7032   	20.000000	12.536    	20.000000	12.2826   	
21.000000	1165.86   	21.000000	1143.05   	21.000000	1148      	21.000000	1146.64   	21.000000	1147.87   	21.000000	8.35753   	21.000000	4.81328   	21.000000	13.7837   	21.000000	13.5427   	21.000000	13.3364   	
22.000000	1264.94   	22.000000	1239.71   	22.000000	1246.02   	22.000000	1244.46   	22.000000	1245.88   	22.000000	9.09835   	22.000000	5.20484   	22.000000	14.9068   	22.000000	14.5853   	22.000000	14.4322   	
23.000000	1367.62   	23.000000	1339.95   	23.000000	1347.79   	23.000000	1346.02   	23.000000	1347.64   	23.000000	9.8698    	23.000000	5.61035   	23.000000	16.0723   	23.000000	15.6635   	23.000000	15.57     	
24.000000	1473.88   	24.000000	1443.72   	24.000000	1453.29   	24.000000	1451.31   	24.000000	1453.13   	24.000000	10.6718   	24.000000	6.02978   	24.000000	17.2802   	24.000000	16.7773   	24.000000	16.7497   	
25.000000	1583.68   	25.000000	1551      	25.000000	1562.51   	25.000000	1560.32   	25.000000	1562.35   	25.000000	11.5045   	25.000000	6.46309   	25.000000	18.5305   	25.000000	17.9265   	25.000000	17.9714   	
27.000000	1813.78   	27.000000	1775.99   	27.000000	1792.08   	27.000000	1789.46   	27.000000	1791.9    	27.000000	13.2614   	27.000000	7.3713    	27.000000	21.1576   	27.000000	20.3305   	27.000000	20.5404   	
29.000000	2057.68   	29.000000	2014.72   	29.000000	2036.39   	29.000000	2033.35   	29.000000	2036.19   	29.000000	15.1404   	29.000000	8.33465   	29.000000	23.9534   	29.000000	22.8747   	29.000000	23.2768   	
31.000000	2315.16   	31.000000	2267      	31.000000	2295.21   	31.000000	2291.8    	31.000000	2295.01   	31.000000	17.1381   	31.000000	9.35071   	31.000000	26.9154   	31.000000	25.5565   	31.000000	26.1785   	
33.000000	2585.99   	33.000000	2532.64   	33.000000	2567.61   	33.000000	2563.89   	33.000000	2567.41   	33.000000	19.2357   	33.000000	10.4103   	33.000000	30.0309   	33.000000	28.3649   	33.000000	29.2334   	
35.000000	2869.99   	35.000000	2811.46   	35.000000	2853.27   	35.000000	2849.3    	35.000000	2853.06   	35.000000	21.4297   	35.000000	11.512    	35.000000	33.2958   	35.000000	31.2959   	35.000000	32.4376   	
38.000000	3320.24   	38.000000	3254.04   	38.000000	3306.18   	38.000000	3302.02   	38.000000	3306      	38.000000	24.9      	38.000000	13.2423   	38.000000	38.4685   	38.000000	35.9175   	38.000000	37.5197   	
41.000000	3799.08   	41.000000	3725.36   	41.000000	3787.93   	41.000000	3783.73   	41.000000	3787.78   	41.000000	28.5827   	41.000000	15.0633   	41.000000	43.965    	41.000000	40.8029   	41.000000	42.9269   	
44.000000	4305.93   	44.000000	4224.9    	44.000000	4298.01   	44.000000	4293.91   	44.000000	4297.88   	44.000000	32.4745   	44.000000	16.9743   	44.000000	49.7783   	44.000000	45.9457   	44.000000	48.6531   	
47.000000	4840.27   	47.000000	4752.15   	47.000000	4835.94   	47.000000	4832.03   	47.000000	4835.78   	47.000000	36.5715   	47.000000	18.9745   	47.000000	55.9018   	47.000000	51.3398   	47.000000	54.6925   	
50.000000	5401.6    	50.000000	5306.66   	50.000000	5401.16   	50.000000	5397.63   	50.000000	5401.02   	50.000000	40.8698   	50.000000	21.0608   	50.000000	62.3293   	50.000000	56.9796   	50.000000	61.0399   	
55.000000	6395.86   	55.000000	6290.17   	55.000000	6402.67   	55.000000	6400.11   	55.000000	6402.57   	55.000000	48.4709   	55.000000	24.7251   	55.000000	73.7017   	55.000000	66.9115   	55.000000	72.2893   	
60.000000	7461.77   	60.000000	7346.13   	60.000000	7476.97   	60.000000	7475.65   	60.000000	7476.81   	60.000000	56.6028   	60.000000	28.6174   	60.000000	85.8768   	60.000000	77.4894   	60.000000	84.3579   	
65.000000	8597.47   	65.000000	8472.68   	65.000000	8622.03   	65.000000	8622.41   	65.000000	8621.88   	65.000000	65.2483   	65.000000	32.7274   	65.000000	98.8307   	65.000000	88.6932   	65.000000	97.2253   	
70.000000	9801.23   	70.000000	9668.07   	70.000000	9836.24   	70.000000	9838.65   	70.000000	9836.07   	70.000000	74.3905   	70.000000	37.0505   	70.000000	112.541   	70.000000	100.504   	70.000000	110.872   	
75.000000	11071.4   	75.000000	10930.6   	75.000000	11117.9   	75.000000	11122.7   	75.000000	11117.7   	75.000000	84.0133   	75.000000	41.5787   	75.000000	126.986   	75.000000	112.904   	75.000000	125.28    	
80.000000	12406.6   	80.000000	12258.8   	80.000000	12465.4   	80.000000	12473.1   	80.000000	12465.4   	80.000000	94.1012   	80.000000	46.308    	80.000000	142.145   	80.000000	125.878   	80.000000	140.432   	
85.000000	13805.2   	85.000000	13651     	85.000000	13877.5   	85.000000	13888.4   	85.000000	13877.5   	85.000000	104.639   	85.000000	51.2285   	85.000000	158       	85.000000	139.409   	85.000000	156.312   	
90.000000	15266.1   	90.000000	15105.8   	90.000000	15352.6   	90.000000	15367     	90.000000	15352.6   	90.000000	115.613   	90.000000	56.3392   	90.000000	174.531   	90.000000	153.484   	90.000000	172.904   	
95.000000	16787.8   	95.000000	16621.9   	95.000000	16889.5   	95.000000	16907.8   	95.000000	16889.5   	95.000000	127.008   	95.000000	61.6344   	95.000000	191.722   	95.000000	168.089   	95.000000	190.193   	
100.000000	18369.3   	100.000000	18198     	100.000000	18486.8   	100.000000	18509.3   	100.000000	18486.9   	100.000000	138.812   	100.000000	67.1066   	100.000000	209.554   	100.000000	183.21    	100.000000	208.165   	
105.000000	20009.3   	105.000000	19832.7   	105.000000	20143.3   	105.000000	20170.5   	105.000000	20143.5   	105.000000	151.012   	105.000000	72.7488   	105.000000	228.013   	105.000000	198.835   	105.000000	226.805   	
110.000000	21706.9   	110.000000	21524.8   	110.000000	21857.9   	110.000000	21890     	110.000000	21858.2   	110.000000	163.594   	110.000000	78.5554   	110.000000	247.08    	110.000000	214.952   	110.000000	246.1     	
115.000000	23460.9   	115.000000	23273.3   	115.000000	23629.3   	115.000000	23666.7   	115.000000	23629.7   	115.000000	176.548   	115.000000	84.5272   	115.000000	266.743   	115.000000	231.55    	115.000000	266.038   	
120.000000	25270.4   	120.000000	25076.8   	120.000000	25456.6   	120.000000	25499.5   	120.000000	25457.1   	120.000000	189.862   	120.000000	90.6588   	120.000000	286.985   	120.000000	248.617   	120.000000	286.605   	
125.000000	27134.3   	125.000000	26934.4   	125.000000	27338.7   	125.000000	27387.4   	125.000000	27339.1   	125.000000	203.524   	125.000000	96.942    	125.000000	307.793   	125.000000	266.144   	125.000000	307.79    	
130.000000	29051.9   	130.000000	28845     	130.000000	29274.6   	130.000000	29329.3   	130.000000	29274.9   	130.000000	217.524   	130.000000	103.377   	130.000000	329.152   	130.000000	284.119   	130.000000	329.58    	
135.000000	31022.2   	135.000000	30807.5   	135.000000	31263.1   	135.000000	31324.3   	135.000000	31263.3   	135.000000	231.851   	135.000000	109.96    	135.000000	351.049   	135.000000	302.533   	135.000000	351.965   	
140.000000	33044.4   	140.000000	32821     	140.000000	33303.3   	140.000000	33371.2   	140.000000	33303.5   	140.000000	246.495   	140.000000	116.683   	140.000000	373.472   	140.000000	321.377   	140.000000	374.932   	
145.000000	35117.7   	145.000000	34884.4   	145.000000	35394.3   	145.000000	35469.2   	145.000000	35394.4   	145.000000	261.447   	145.000000	123.544   	145.000000	396.408   	145.000000	340.641   	145.000000	398.472   	
150.000000	37241.3   	150.000000	36997     	150.000000	37535.1   	150.000000	37617.4   	150.000000	37535.3   	150.000000	276.697   	150.000000	130.54    	150.000000	419.843   	150.000000	360.317   	150.000000	422.573   	
155.000000	39444.3   	155.000000	39157.7   	155.000000	39724.8   	155.000000	39814.9   	155.000000	39725     	155.000000	292.235   	155.000000	137.668   	155.000000	443.768   	155.000000	380.395   	155.000000	447.226   	
160.000000	41695     	160.000000	41365.7   	160.000000	41962.5   	160.000000	42060.8   	160.000000	41962.9   	160.000000	308.053   	160.000000	144.925   	160.000000	468.169   	160.000000	400.867   	160.000000	472.419   	
165.000000	43991.7   	165.000000	43620.1   	165.000000	44247.7   	165.000000	44354.3   	165.000000	44248.1   	165.000000	324.143   	165.000000	152.307   	165.000000	493.036   	165.000000	421.726   	165.000000	498.144   	
170.000000	46333.5   	170.000000	45920.1   	170.000000	46579.4   	170.000000	46694.4   	170.000000	46579.6   	170.000000	340.495   	170.000000	159.814   	170.000000	518.358   	170.000000	442.963   	170.000000	524.391   	
175.000000	48719.6   	175.000000	48264.9   	175.000000	48956.7   	175.000000	49080.5   	175.000000	48956.9   	175.000000	357.103   	175.000000	167.441   	175.000000	544.123   	175.000000	464.571   	175.000000	551.151   	
180.000000	51149.3   	180.000000	50653.7   	180.000000	51378.9   	180.000000	51511.8   	180.000000	51379     	180.000000	373.957   	180.000000	175.187   	180.000000	570.323   	180.000000	486.542   	180.000000	578.413   	
185.000000	53621.9   	185.000000	53085.8   	185.000000	53845     	185.000000	53987.4   	185.000000	53845.1   	185.000000	391.051   	185.000000	183.048   	185.000000	596.946   	185.000000	508.869   	185.000000	606.171   	
190.000000	56136.5   	190.000000	55560.3   	190.000000	56354.5   	190.000000	56506.7   	190.000000	56354.7   	190.000000	408.376   	190.000000	191.024   	190.000000	623.983   	190.000000	531.545   	190.000000	634.413   	
195.000000	58692.6   	195.000000	58076.7   	195.000000	58906.6   	195.000000	59068.9   	195.000000	58906.9   	195.000000	425.926   	195.000000	199.111   	195.000000	651.424   	195.000000	554.564   	195.000000	663.134   	
200.000000	61289.5   	200.000000	60634.1   	200.000000	61500.8   	200.000000	61673.3   	200.000000	61501     	200.000000	443.694   	200.000000	207.301   	200.000000	679.261   	200.000000	577.917   	200.000000	692.322   	
210.000000	66602.8   	210.000000	65869.5   	210.000000	66812.3   	210.000000	67005.9   	210.000000	66812.2   	210.000000	479.857   	210.000000	223.993   	210.000000	736.082   	210.000000	625.604   	210.000000	752.075   	
220.000000	72071.6   	220.000000	71261.1   	220.000000	72283.3   	220.000000	72499.3   	220.000000	72283.1   	220.000000	516.812   	220.000000	241.09    	220.000000	794.375   	220.000000	674.555   	220.000000	813.606   	
230.000000	77691     	230.000000	76803.9   	230.000000	77908.6   	230.000000	78148.1   	230.000000	77908.6   	230.000000	554.511   	230.000000	258.564   	230.000000	854.076   	230.000000	724.724   	230.000000	876.857   	
240.000000	83456.4   	240.000000	82493.1   	240.000000	83683.5   	240.000000	83947.7   	240.000000	83683.6   	240.000000	592.906   	240.000000	276.4     	240.000000	915.12    	240.000000	776.064   	240.000000	941.769   	
250.000000	89363.5   	250.000000	88324.1   	250.000000	89603.8   	250.000000	89893.2   	250.000000	89603.7   	250.000000	631.955   	250.000000	294.585   	250.000000	977.446   	250.000000	828.531   	250.000000	1008.29   	
260.000000	95408.2   	260.000000	94292.4   	260.000000	95664.5   	260.000000	95980.1   	260.000000	95664.2   	260.000000	671.617   	260.000000	313.106   	260.000000	1041      	260.000000	882.084   	260.000000	1076.36   	
270.000000	101587    	270.000000	100394    	270.000000	101861    	270.000000	102204    	270.000000	101861    	270.000000	711.851   	270.000000	331.952   	270.000000	1105.72   	270.000000	936.683   	270.000000	1145.92   	
280.000000	107895    	280.000000	106625    	280.000000	108190    	280.000000	108561    	280.000000	108190    	280.000000	752.621   	280.000000	351.109   	280.000000	1171.55   	280.000000	992.289   	280.000000	1216.94   	
290.000000	114329    	290.000000	112981    	290.000000	114646    	290.000000	115047    	290.000000	114647    	290.000000	793.893   	290.000000	370.571   	290.000000	1238.45   	290.000000	1048.87   	290.000000	1289.36   	
300.000000	120886    	300.000000	119458    	300.000000	121228    	300.000000	121659    	300.000000	121228    	300.000000	835.632   	300.000000	390.319   	300.000000	1306.38   	300.000000	1106.38   	300.000000	1363.14   	
310.000000	127562    	310.000000	126054    	310.000000	127930    	310.000000	128391    	310.000000	127930    	310.000000	877.807   	310.000000	410.332   	310.000000	1375.27   	310.000000	1164.79   	310.000000	1438.23   	
320.000000	134355    	320.000000	132764    	320.000000	134748    	320.000000	135242    	320.000000	134749    	320.000000	920.39    	320.000000	430.611   	320.000000	1445.09   	320.000000	1224.08   	320.000000	1514.58   	
330.000000	141260    	330.000000	139586    	330.000000	141680    	330.000000	142207    	330.000000	141681    	330.000000	963.351   	330.000000	451.151   	330.000000	1515.8    	330.000000	1284.2    	330.000000	1592.17   	
340.000000	148276    	340.000000	146516    	340.000000	148724    	340.000000	149284    	340.000000	148724    	340.000000	1006.66   	340.000000	471.928   	340.000000	1587.35   	340.000000	1345.13   	340.000000	1670.94   	
350.000000	155398    	350.000000	153551    	350.000000	155874    	350.000000	156468    	350.000000	155875    	350.000000	1050.3    	350.000000	492.944   	350.000000	1659.71   	350.000000	1406.83   	350.000000	1750.86   	
360.000000	162625    	360.000000	160688    	360.000000	163129    	360.000000	163757    	360.000000	163129    	360.000000	1094.24   	360.000000	514.199   	360.000000	1732.84   	360.000000	1469.3    	360.000000	1831.89   	
370.000000	169954    	370.000000	167925    	370.000000	170484    	370.000000	171149    	370.000000	170485    	370.000000	1138.46   	370.000000	535.673   	370.000000	1806.71   	370.000000	1532.48   	370.000000	1914      	
380.000000	177382    	380.000000	175258    	380.000000	177938    	380.000000	178640    	380.000000	177939    	380.000000	1182.94   	380.000000	557.352   	380.000000	1881.28   	380.000000	1596.36   	380.000000	1997.15   	
390.000000	184907    	390.000000	182686    	390.000000	185488    	390.000000	186227    	390.000000	185490    	390.000000	1227.66   	390.000000	579.233   	390.000000	1956.51   	390.000000	1660.92   	390.000000	2081.3    	
400.000000	192525    	400.000000	190205    	400.000000	193132    	400.000000	193908    	400.000000	193133    	400.000000	1272.59   	400.000000	601.311   	400.000000	2032.39   	400.000000	1726.13   	400.000000	2166.43   	
410.000000	200236    	410.000000	197813    	410.000000	200866    	410.000000	201680    	410.000000	200867    	410.000000	1317.73   	410.000000	623.577   	410.000000	2108.87   	410.000000	1791.97   	410.000000	2252.51   	
420.000000	208036    	420.000000	205508    	420.000000	208687    	420.000000	209541    	420.000000	208688    	420.000000	1363.04   	420.000000	646.028   	420.000000	2185.93   	420.000000	1858.41   	420.000000	2339.49   	
430.000000	215924    	430.000000	213287    	430.000000	216594    	430.000000	217488    	430.000000	216596    	430.000000	1408.52   	430.000000	668.658   	430.000000	2263.54   	430.000000	1925.43   	430.000000	2427.36   	
440.000000	223897    	440.000000	221149    	440.000000	224585    	440.000000	225520    	440.000000	224587    	440.000000	1454.15   	440.000000	691.46    	440.000000	2341.68   	440.000000	1993.02   	440.000000	2516.09   	
450.000000	231954    	450.000000	229090    	450.000000	232657    	450.000000	233633    	450.000000	232659    	450.000000	1499.92   	450.000000	714.43    	450.000000	2420.31   	450.000000	2061.15   	450.000000	2605.64   	
460.000000	240091    	460.000000	237110    	460.000000	240809    	460.000000	241825    	460.000000	240811    	460.000000	1545.8    	460.000000	737.565   	460.000000	2499.42   	460.000000	2129.8    	460.000000	2696      	
470.000000	248308    	470.000000	245206    	470.000000	249037    	470.000000	250096    	470.000000	249039    	470.000000	1591.79   	470.000000	760.861   	470.000000	2578.99   	470.000000	2198.96   	470.000000	2787.13   	
480.000000	256603    	480.000000	253376    	480.000000	257340    	480.000000	258441    	480.000000	257342    	480.000000	1637.88   	480.000000	784.309   	480.000000	2658.98   	480.000000	2268.61   	480.000000	2879      	
490.000000	264973    	490.000000	261618    	490.000000	265716    	490.000000	266861    	490.000000	265718    	490.000000	1684.04   	490.000000	807.895   	490.000000	2739.38   	490.000000	2338.72   	490.000000	2971.61   	
500.000000	273416    	500.000000	269931    	500.000000	274164    	500.000000	275352    	500.000000	274165    	500.000000	1730.28   	500.000000	831.613   	500.000000	2820.17   	500.000000	2409.29   	500.000000	3064.92   	
520.000000	290519    	520.000000	286760    	520.000000	291265    	520.000000	292541    	520.000000	291266    	520.000000	1822.92   	520.000000	879.458   	520.000000	2982.82   	520.000000	2551.72   	520.000000	3253.55   	
540.000000	307896    	540.000000	303851    	540.000000	308629    	540.000000	309996    	540.000000	308630    	540.000000	1915.71   	540.000000	927.839   	540.000000	3146.8    	540.000000	2695.77   	540.000000	3444.73   	
560.000000	325537    	560.000000	321191    	560.000000	326242    	560.000000	327702    	560.000000	326243    	560.000000	2008.58   	560.000000	976.686   	560.000000	3311.95   	560.000000	2841.32   	560.000000	3638.29   	
580.000000	343428    	580.000000	338767    	580.000000	344093    	580.000000	345648    	580.000000	344094    	580.000000	2101.47   	580.000000	1026      	580.000000	3478.16   	580.000000	2988.28   	580.000000	3834.08   	
600.000000	361558    	600.000000	356569    	600.000000	362171    	600.000000	363821    	600.000000	362171    	600.000000	2194.31   	600.000000	1075.76   	600.000000	3645.3    	600.000000	3136.53   	600.000000	4031.96   	
620.000000	379918    	620.000000	374585    	620.000000	380463    	620.000000	382211    	620.000000	380463    	620.000000	2287.05   	620.000000	1125.94   	620.000000	3813.26   	620.000000	3285.98   	620.000000	4231.78   	
640.000000	398496    	640.000000	392806    	640.000000	398959    	640.000000	400807    	640.000000	398959    	640.000000	2379.64   	640.000000	1176.5    	640.000000	3981.95   	640.000000	3436.54   	640.000000	4433.43   	
660.000000	417283    	660.000000	411222    	660.000000	417650    	660.000000	419599    	660.000000	417651    	660.000000	2472.04   	660.000000	1227.42   	660.000000	4151.26   	660.000000	3588.13   	660.000000	4636.78   	
680.000000	436269    	680.000000	429824    	680.000000	436526    	680.000000	438578    	680.000000	436528    	680.000000	2564.22   	680.000000	1278.69   	680.000000	4321.11   	680.000000	3740.67   	680.000000	4841.71   	
700.000000	455446    	700.000000	448603    	700.000000	455580    	700.000000	457736    	700.000000	455581    	700.000000	2656.12   	700.000000	1330.29   	700.000000	4491.41   	700.000000	3894.08   	700.000000	5048.12   	
720.000000	474806    	720.000000	467552    	720.000000	474803    	720.000000	477063    	720.000000	474804    	720.000000	2747.73   	720.000000	1382.22   	720.000000	4662.1    	720.000000	4048.29   	720.000000	5255.9    	
740.000000	494340    	740.000000	486663    	740.000000	494187    	740.000000	496553    	740.000000	494187    	740.000000	2839.01   	740.000000	1434.44   	740.000000	4833.11   	740.000000	4203.24   	740.000000	5464.97   	
760.000000	514040    	760.000000	505927    	760.000000	513723    	760.000000	516197    	760.000000	513724    	760.000000	2929.95   	760.000000	1486.97   	760.000000	5004.36   	760.000000	4358.87   	760.000000	5675.23   	
780.000000	533900    	780.000000	525339    	780.000000	533405    	780.000000	535989    	780.000000	533407    	780.000000	3020.51   	780.000000	1539.78   	780.000000	5175.8    	780.000000	4515.11   	780.000000	5886.6    	
800.000000	553912    	800.000000	544892    	800.000000	553227    	800.000000	555921    	800.000000	553230    	800.000000	3110.68   	800.000000	1592.86   	800.000000	5347.37   	800.000000	4671.92   	800.000000	6098.99   	
820.000000	574069    	820.000000	564578    	820.000000	573184    	820.000000	575989    	820.000000	573187    	820.000000	3200.44   	820.000000	1646.16   	820.000000	5519.02   	820.000000	4829.24   	820.000000	6312.32   	
840.000000	594365    	840.000000	584393    	840.000000	593266    	840.000000	596182    	840.000000	593269    	840.000000	3289.74   	840.000000	1699.66   	840.000000	5690.68   	840.000000	4986.99   	840.000000	6526.5    	
860.000000	614794    	860.000000	604330    	860.000000	613466    	860.000000	616494    	860.000000	613469    	860.000000	3378.55   	860.000000	1753.37   	860.000000	5862.29   	860.000000	5145.13   	860.000000	6741.45   	
880.000000	635349    	880.000000	624384    	880.000000	633779    	880.000000	636920    	880.000000	633782    	880.000000	3466.87   	880.000000	1807.29   	880.000000	6033.81   	880.000000	5303.62   	880.000000	6957.09   	
900.000000	656026    	900.000000	644550    	900.000000	654199    	900.000000	657455    	900.000000	654203    	900.000000	3554.69   	900.000000	1861.42   	900.000000	6205.21   	900.000000	5462.4    	900.000000	7173.36   	
920.000000	676818    	920.000000	664822    	920.000000	674723    	920.000000	678094    	920.000000	674727    	920.000000	3642      	920.000000	1915.75   	920.000000	6376.44   	920.000000	5621.44   	920.000000	7390.22   	
940.000000	697720    	940.000000	685196    	940.000000	695346    	940.000000	698832    	940.000000	695350    	940.000000	3728.8    	940.000000	1970.29   	940.000000	6547.48   	940.000000	5780.72   	940.000000	7607.6    	
960.000000	718728    	960.000000	705667    	960.000000	716064    	960.000000	719665    	960.000000	716067    	960.000000	3815.08   	960.000000	2025      	960.000000	6718.3    	960.000000	5940.18   	960.000000	7825.46   	
980.000000	739836    	980.000000	726231    	980.000000	736872    	980.000000	740589    	980.000000	736874    	980.000000	3900.83   	980.000000	2079.89   	980.000000	6888.86   	980.000000	6099.81   	980.000000	8043.74   	
1000.000000	761039    	1000.000000	746883    	1000.000000	757766    	1000.000000	761600    	1000.000000	757768    	1000.000000	3986.07   	1000.000000	2134.93   	1000.000000	7059.15   	1000.000000	6259.56   	1000.000000	8262.4    	
1020.000000	782334    	1020.000000	767620    	1020.000000	778743    	1020.000000	782694    	1020.000000	778743    	1020.000000	4070.78   	1020.000000	2190.12   	1020.000000	7229.14   	1020.000000	6419.42   	1020.000000	8481.4    	
1040.000000	803715    	1040.000000	788438    	1040.000000	799798    	1040.000000	803867    	1040.000000	799798    	1040.000000	4154.96   	1040.000000	2245.45   	1040.000000	7398.8    	1040.000000	6579.35   	1040.000000	8700.69   	
1060.000000	825179    	1060.000000	809332    	1060.000000	820927    	1060.000000	825117    	1060.000000	820929    	1060.000000	4238.61   	1060.000000	2300.92   	1060.000000	7568.13   	1060.000000	6739.33   	1060.000000	8920.24   	
1080.000000	846721    	1080.000000	830299    	1080.000000	842129    	1080.000000	846439    	1080.000000	842131    	1080.000000	4321.74   	1080.000000	2356.53   	1080.000000	7737.09   	1080.000000	6899.34   	1080.000000	9140      	
1100.000000	868338    	1100.000000	851337    	1100.000000	863400    	1100.000000	867830    	1100.000000	863403    	1100.000000	4404.34   	1100.000000	2412.28   	1100.000000	7905.68   	1100.000000	7059.35   	1100.000000	9359.95   	
1120.000000	890026    	1120.000000	872441    	1120.000000	884737    	1120.000000	889288    	1120.000000	884741    	1120.000000	4486.41   	1120.000000	2468.17   	1120.000000	8073.87   	1120.000000	7219.34   	1120.000000	9580.04   	
1140.000000	911781    	1140.000000	893608    	1140.000000	906137    	1140.000000	910810    	1140.000000	906142    	1140.000000	4567.96   	1140.000000	2524.21   	1140.000000	8241.65   	1140.000000	7379.29   	1140.000000	9800.26   	
1160.000000	933600    	1160.000000	914836    	1160.000000	927599    	1160.000000	932393    	1160.000000	927603    	1160.000000	4648.98   	1160.000000	2580.4    	1160.000000	8409.01   	1160.000000	7539.18   	1160.000000	10020.6   	
1180.000000	955480    	1180.000000	936121    	1180.000000	949118    	1180.000000	954034    	1180.000000	949123    	1180.000000	4729.49   	1180.000000	2636.72   	1180.000000	8575.94   	1180.000000	7699      	1180.000000	10240.9   	
1200.000000	977416    	1200.000000	957461    	1200.000000	970694    	1200.000000	975732    	1200.000000	970698    	1200.000000	4809.47   	1200.000000	2693.2    	1200.000000	8742.42   	1200.000000	7858.72   	1200.000000	10461.3   	
1220.000000	999406    	1220.000000	978853    	1220.000000	992323    	1220.000000	997482    	1220.000000	992326    	1220.000000	4888.94   	1220.000000	2749.8    	1220.000000	8908.44   	1220.000000	8018.33   	1220.000000	10681.7   	
1240.000000	1.02145e+06	1240.000000	1.00029e+06	1240.000000	1.014e+06 	1240.000000	1.01928e+06	1240.000000	1.01401e+06	1240.000000	4967.89   	1240.000000	2806.54   	1240.000000	9074      	1240.000000	8177.82   	1240.000000	10902.1   	
1260.000000	1.04354e+06	1260.000000	1.02178e+06	1260.000000	1.03573e+06	1260.000000	1.04113e+06	1260.000000	1.03573e+06	1260.000000	5046.33   	1260.000000	2863.4    	1260.000000	9239.08   	1260.000000	8337.16   	1260.000000	11122.4   	
1280.000000	1.06567e+06	1280.000000	1.04332e+06	1280.000000	1.0575e+06	1280.000000	1.06303e+06	1280.000000	1.05751e+06	1280.000000	5124.27   	1280.000000	2920.38   	1280.000000	9403.68   	1280.000000	8496.35   	1280.000000	11342.7   	
1300.000000	1.08785e+06	1300.000000	1.06489e+06	1300.000000	1.07932e+06	1300.000000	1.08497e+06	1300.000000	1.07933e+06	1300.000000	5201.7    	1300.000000	2977.48   	1300.000000	9567.79   	1300.000000	8655.38   	1300.000000	11562.8   	
1320.000000	1.11007e+06	1320.000000	1.0865e+06	1320.000000	1.10118e+06	1320.000000	1.10696e+06	1320.000000	1.10119e+06	1320.000000	5278.63   	1320.000000	3034.69   	1320.000000	9731.41   	1320.000000	8814.22   	1320.000000	11782.9   	
1340.000000	1.13232e+06	1340.000000	1.10816e+06	1340.000000	1.12309e+06	1340.000000	1.12899e+06	1340.000000	1.12309e+06	1340.000000	5355.07   	1340.000000	3092.01   	1340.000000	9894.52   	1340.000000	8972.88   	1340.000000	12002.9   	
1360.000000	1.15461e+06	1360.000000	1.12984e+06	1360.000000	1.14503e+06	1360.000000	1.15105e+06	1360.000000	1.14503e+06	1360.000000	5431.01   	1360.000000	3149.44   	1360.000000	10057.1   	1360.000000	9131.33   	1360.000000	12222.7   	
1380.000000	1.17693e+06	1380.000000	1.15157e+06	1380.000000	1.16701e+06	1380.000000	1.17316e+06	1380.000000	1.16701e+06	1380.000000	5506.47   	1380.000000	3206.98   	1380.000000	10219.2   	1380.000000	9289.57   	1380.000000	12442.3   	
1400.000000	1.19928e+06	1400.000000	1.17332e+06	1400.000000	1.18902e+06	1400.000000	1.1953e+06	1400.000000	1.18903e+06	1400.000000	5581.43   	1400.000000	3264.63   	1400.000000	10380.8   	1400.000000	9447.59   	1400.000000	12661.8   	
1420.000000	1.22166e+06	1420.000000	1.1951e+06	1420.000000	1.21107e+06	1420.000000	1.21747e+06	1420.000000	1.21108e+06	1420.000000	5655.92   	1420.000000	3322.38   	1420.000000	10541.9   	1420.000000	9605.38   	1420.000000	12881     	
1440.000000	1.24407e+06	1440.000000	1.21691e+06	1440.000000	1.23315e+06	1440.000000	1.23968e+06	1440.000000	1.23316e+06	1440.000000	5729.94   	1440.000000	3380.24   	1440.000000	10702.4   	1440.000000	9762.93   	1440.000000	13100.1   	
1460.000000	1.2665e+06	1460.000000	1.23875e+06	1460.000000	1.25527e+06	1460.000000	1.26191e+06	1460.000000	1.25527e+06	1460.000000	5803.48   	1460.000000	3438.21   	1460.000000	10862.4   	1460.000000	9920.23   	1460.000000	13319     	
1480.000000	1.28895e+06	1480.000000	1.26061e+06	1480.000000	1.27741e+06	1480.000000	1.28418e+06	1480.000000	1.27741e+06	1480.000000	5876.55   	1480.000000	3496.29   	1480.000000	11021.9   	1480.000000	10077.3   	1480.000000	13537.6   	
1500.000000	1.31142e+06	1500.000000	1.2825e+06	1500.000000	1.29958e+06	1500.000000	1.30648e+06	1500.000000	1.29958e+06	1500.000000	5949.16   	1500.000000	3554.46   	1500.000000	11180.8   	1500.000000	10234.1   	1500.000000	13755.9   	
1520.000000	1.3339e+06	1520.000000	1.30441e+06	1520.000000	1.32178e+06	1520.000000	1.3288e+06	1520.000000	1.32178e+06	1520.000000	6021.31   	1520.000000	3612.75   	1520.000000	11339.3   	1520.000000	10390.6   	1520.000000	13974.1   	
1540.000000	1.35641e+06	1540.000000	1.32633e+06	1540.000000	1.34401e+06	1540.000000	1.35115e+06	1540.000000	1.34401e+06	1540.000000	6093.01   	1540.000000	3671.13   	1540.000000	11497.1   	1540.000000	10546.8   	1540.000000	14191.9   	
1560.000000	1.37892e+06	1560.000000	1.34828e+06	1560.000000	1.36626e+06	1560.000000	1.37353e+06	1560.000000	1.36626e+06	1560.000000	6164.26   	1560.000000	3729.62   	1560.000000	11654.5   	1560.000000	10702.8   	1560.000000	14409.5   	
1580.000000	1.40146e+06	1580.000000	1.37024e+06	1580.000000	1.38853e+06	1580.000000	1.39593e+06	1580.000000	1.38853e+06	1580.000000	6235.06   	1580.000000	3788.2    	1580.000000	11811.3   	1580.000000	10858.4   	1580.000000	14626.7   	
1600.000000	1.424e+06 	1600.000000	1.39222e+06	1600.000000	1.41083e+06	1600.000000	1.41835e+06	1600.000000	1.41083e+06	1600.000000	6305.42   	1600.000000	3846.87   	1600.000000	11967.6   	1600.000000	11013.8   	1600.000000	14843.7   	
1620.000000	1.44655e+06	1620.000000	1.41421e+06	1620.000000	1.43315e+06	1620.000000	1.4408e+06	1620.000000	1.43314e+06	1620.000000	6375.34   	1620.000000	3905.64   	1620.000000	12123.3   	1620.000000	11168.9   	1620.000000	15060.4   	
1640.000000	1.4691e+06	1640.000000	1.43622e+06	1640.000000	1.45549e+06	1640.000000	1.46326e+06	1640.000000	1.45548e+06	1640.000000	6444.84   	1640.000000	3964.49   	1640.000000	12278.5   	1640.000000	11323.7   	1640.000000	15276.7   	
1660.000000	1.49167e+06	1660.000000	1.45824e+06	1660.000000	1.47784e+06	1660.000000	1.48574e+06	1660.000000	1.47784e+06	1660.000000	6513.9    	1660.000000	4023.42   	1660.000000	12433.2   	1660.000000	11478.1   	1660.000000	15492.8   	
1680.000000	1.51424e+06	1680.000000	1.48026e+06	1680.000000	1.50022e+06	1680.000000	1.50825e+06	1680.000000	1.50022e+06	1680.000000	6582.54   	1680.000000	4082.44   	1680.000000	12587.3   	1680.000000	11632.3   	1680.000000	15708.4   	
1700.000000	1.53681e+06	1700.000000	1.5023e+06	1700.000000	1.52261e+06	1700.000000	1.53077e+06	1700.000000	1.52261e+06	1700.000000	6650.77   	1700.000000	4141.54   	1700.000000	12740.9   	1700.000000	11786.1   	1700.000000	15923.8   	
1750.000000	1.59324e+06	1750.000000	1.55743e+06	1750.000000	1.57867e+06	1750.000000	1.58714e+06	1750.000000	1.57867e+06	1750.000000	6819.52   	1750.000000	4289.66   	1750.000000	13122.6   	1750.000000	12169.4   	1750.000000	16460.7   	
1800.000000	1.64966e+06	1800.000000	1.6126e+06	1800.000000	1.63482e+06	1800.000000	1.64361e+06	1800.000000	1.63482e+06	1800.000000	6985.76   	1800.000000	4438.28   	1800.000000	13500.9   	1800.000000	12550.5   	1800.000000	16995.3   	
1850.000000	1.70606e+06	1850.000000	1.66779e+06	1850.000000	1.69105e+06	1850.000000	1.70016e+06	1850.000000	1.69106e+06	1850.000000	7149.54   	1850.000000	4587.44   	1850.000000	13876     	1850.000000	12929.6   	1850.000000	17527.5   	
1900.000000	1.76241e+06	1900.000000	1.72298e+06	1900.000000	1.74736e+06	1900.000000	1.75679e+06	1900.000000	1.74736e+06	1900.000000	7310.94   	1900.000000	4737.15   	1900.000000	14247.8   	1900.000000	13306.6   	1900.000000	18057.4   	
1950.000000	1.8187e+06	1950.000000	1.77817e+06	1950.000000	1.80372e+06	1950.000000	1.81347e+06	1950.000000	1.80373e+06	1950.000000	7470.01   	1950.000000	4887.41   	1950.000000	14616.3   	1950.000000	13681.5   	1950.000000	18584.7   	
2000.000000	1.87491e+06	2000.000000	1.83334e+06	2000.000000	1.86014e+06	2000.000000	1.87021e+06	2000.000000	1.86015e+06	2000.000000	7626.83   	2000.000000	5038.23   	2000.000000	14981.6   	2000.000000	14054.1   	2000.000000	19109.6   	
2100.000000	1.98705e+06	2100.000000	1.94359e+06	2100.000000	1.97311e+06	2100.000000	1.98381e+06	2100.000000	1.97312e+06	2100.000000	7933.92   	2100.000000	5341.53   	2100.000000	15702.8   	2100.000000	14793     	2100.000000	20151.5   	
2200.000000	2.09872e+06	2200.000000	2.05365e+06	2200.000000	2.0862e+06	2200.000000	2.09753e+06	2200.000000	2.08621e+06	2200.000000	8232.69   	2200.000000	5647      	2200.000000	16411.6   	2200.000000	15523     	2200.000000	21182.9   	
2300.000000	2.20985e+06	2300.000000	2.16345e+06	2300.000000	2.19937e+06	2300.000000	2.21133e+06	2300.000000	2.19937e+06	2300.000000	8523.57   	2300.000000	5954.57   	2300.000000	17108.4   	2300.000000	16244.3   	2300.000000	22203.7   	
2400.000000	2.32036e+06	2400.000000	2.27293e+06	2400.000000	2.31257e+06	2400.000000	2.32516e+06	2400.000000	2.31257e+06	2400.000000	8806.99   	2400.000000	6264.14   	2400.000000	17793.5   	2400.000000	16956.8   	2400.000000	23213.6   	
2500.000000	2.43019e+06	2500.000000	2.38204e+06	2500.000000	2.42577e+06	2500.000000	2.43899e+06	2500.000000	2.42578e+06	2500.000000	9083.32   	2500.000000	6575.63   	2500.000000	18467.2   	2500.000000	17660.6   	2500.000000	24212.8   	
2600.000000	2.53929e+06	2600.000000	2.49075e+06	2600.000000	2.53895e+06	2600.000000	2.5528e+06	2600.000000	2.53895e+06	2600.000000	9352.94   	2600.000000	6888.98   	2600.000000	19130     	2600.000000	18355.9   	2600.000000	25201.2   	
2700.000000	2.6476e+06	2700.000000	2.599e+06 	2700.000000	2.65207e+06	2700.000000	2.66655e+06	2700.000000	2.65208e+06	2700.000000	9616.18   	2700.000000	7204.16   	2700.000000	19782.1   	2700.000000	19042.6   	2700.000000	26178.9   	
2800.000000	2.7551e+06	2800.000000	2.70679e+06	2800.000000	2.76513e+06	2800.000000	2.78022e+06	2800.000000	2.76513e+06	2800.000000	9873.37   	2800.000000	7521.19   	2800.000000	20423.8   	2800.000000	19720.9   	2800.000000	27145.9   	
2900.000000	2.86175e+06	2900.000000	2.81406e+06	2900.000000	2.8781e+06	2900.000000	2.89381e+06	2900.000000	2.8781e+06	2900.000000	10124.8   	2900.000000	7840.07   	2900.000000	21055.7   	2900.000000	20391.1   	2900.000000	28102.5   	
3000.000000	2.96752e+06	3000.000000	2.92081e+06	3000.000000	2.99097e+06	3000.000000	3.00729e+06	3000.000000	2.99096e+06	3000.000000	10370.7   	3000.000000	8160.83   	3000.000000	21677.8   	3000.000000	21053.1   	3000.000000	29048.6   	
3200.000000	3.17636e+06	3200.000000	3.13266e+06	3200.000000	3.21634e+06	3200.000000	3.23389e+06	3200.000000	3.21633e+06	3200.000000	10847.2   	3200.000000	8808.01   	3200.000000	22894.5   	3200.000000	22353.6   	3200.000000	30910.5   	
3400.000000	3.38148e+06	3400.000000	3.34221e+06	3400.000000	3.44118e+06	3400.000000	3.45995e+06	3400.000000	3.44116e+06	3400.000000	11304.6   	3400.000000	9462.72   	3400.000000	24076.1   	3400.000000	23623.7   	3400.000000	32732.9   	
3600.000000	3.5828e+06	3600.000000	3.54937e+06	3600.000000	3.66542e+06	3600.000000	3.6854e+06	3600.000000	3.6654e+06	3600.000000	11744.6   	3600.000000	10124.8   	3600.000000	25225     	3600.000000	24864.7   	3600.000000	34517.1   	
3800.000000	3.78028e+06	3800.000000	3.7541e+06	3800.000000	3.88903e+06	3800.000000	3.91022e+06	3800.000000	3.88902e+06	3800.000000	12168.7   	3800.000000	10794.2   	3800.000000	26343     	3800.000000	26077.8   	3800.000000	36264.7   	
4000.000000	3.97392e+06	4000.000000	3.95636e+06	4000.000000	4.11199e+06	4000.000000	4.13437e+06	4000.000000	4.11198e+06	4000.000000	12578.1   	4000.000000	11470.6   	4000.000000	27432.2   	4000.000000	27264.4   	4000.000000	37977.1   	
4200.000000	4.16372e+06	4200.000000	4.15614e+06	4200.000000	4.33429e+06	4200.000000	4.35786e+06	4200.000000	4.33428e+06	4200.000000	12974.1   	4200.000000	12153.9   	4200.000000	28494.2   	4200.000000	28425.5   	4200.000000	39655.7   	
4400.000000	4.34972e+06	4400.000000	4.35344e+06	4400.000000	4.55592e+06	4400.000000	4.58066e+06	4400.000000	4.55591e+06	4400.000000	13357.5   	4400.000000	12844     	4400.000000	29530.6   	4400.000000	29562.3   	4400.000000	41301.8   	
4600.000000	4.53197e+06	4600.000000	4.54827e+06	4600.000000	4.77688e+06	4600.000000	4.80278e+06	4600.000000	4.77687e+06	4600.000000	13729.4   	4600.000000	13540.9   	4600.000000	30542.8   	4600.000000	30675.9   	4600.000000	42916.9   	
4800.000000	4.71052e+06	4800.000000	4.74065e+06	4800.000000	4.99717e+06	4800.000000	5.02423e+06	4800.000000	4.99716e+06	4800.000000	14090.5   	4800.000000	14244.3   	4800.000000	31532.2   	4800.000000	31767.4   	4800.000000	44502.1   	
5000.000000	4.88543e+06	5000.000000	4.9306e+06	5000.000000	5.21679e+06	5000.000000	5.245e+06 	5000.000000	5.21678e+06	5000.000000	14441.5   	5000.000000	14954.4   	5000.000000	32500     	5000.000000	32837.6   	5000.000000	46058.8   	
5250.000000	5.09907e+06	5250.000000	5.16467e+06	5250.000000	5.49041e+06	5250.000000	5.52003e+06	5250.000000	5.49039e+06	5250.000000	14867.2   	5250.000000	15851.1   	5250.000000	33681     	5250.000000	34147     	5250.000000	47966.2   	
5500.000000	5.30729e+06	5500.000000	5.39507e+06	5500.000000	5.76301e+06	5500.000000	5.79404e+06	5500.000000	5.76299e+06	5500.000000	15279.3   	5500.000000	16757.8   	5500.000000	34832.1   	5500.000000	35426.4   	5500.000000	49832.9   	
6000.000000	5.70807e+06	6000.000000	5.84512e+06	6000.000000	6.3053e+06	6000.000000	6.3391e+06	6000.000000	6.30526e+06	6000.000000	16067     	6000.000000	18600.9   	6000.000000	37051.6   	6000.000000	37901.1   	6000.000000	53451.9   	
6500.000000	6.08903e+06	6500.000000	6.28139e+06	6500.000000	6.84383e+06	6500.000000	6.88036e+06	6500.000000	6.84378e+06	6500.000000	16811.3   	6500.000000	20482.8   	6500.000000	39171.3   	6500.000000	40273.1   	6500.000000	56930.4   	
7000.000000	6.45139e+06	7000.000000	6.70453e+06	7000.000000	7.37882e+06	7000.000000	7.41803e+06	7000.000000	7.37876e+06	7000.000000	17518     	7000.000000	22402     	7000.000000	41201.8   	7000.000000	42551.9   	7000.000000	60280.9   	
7500.000000	6.79635e+06	7500.000000	7.11518e+06	7500.000000	7.91044e+06	7500.000000	7.9523e+06	7500.000000	7.91038e+06	7500.000000	18191.5   	7500.000000	24357.7   	7500.000000	43152.3   	7500.000000	44745.9   	7500.000000	63514.5   	
8000.000000	7.12504e+06	8000.000000	7.51398e+06	8000.000000	8.4389e+06	8000.000000	8.48337e+06	8000.000000	8.43882e+06	8000.000000	18835.6   	8000.000000	26349.4   	8000.000000	45030.4   	8000.000000	46862.4   	8000.000000	66641     	
8500.000000	7.43853e+06	8500.000000	7.90154e+06	8500.000000	8.96435e+06	8500.000000	9.0114e+06	8500.000000	8.96427e+06	8500.000000	19453.3   	8500.000000	28376.2   	8500.000000	46842.8   	8500.000000	48907.9   	8500.000000	69668.8   	
9000.000000	7.7378e+06	9000.000000	8.27843e+06	9000.000000	9.48697e+06	9000.000000	9.53657e+06	9000.000000	9.48689e+06	9000.000000	20047.4   	9000.000000	30437.6   	9000.000000	48595     	9000.000000	50887.8   	9000.000000	72605.6   	
9500.000000	8.02376e+06	9500.000000	8.64518e+06	9500.000000	1.00069e+07	9500.000000	1.0059e+07	9500.000000	1.00068e+07	9500.000000	20620     	9500.000000	32532.5   	9500.000000	50292.2   	9500.000000	52807.3   	9500.000000	75457.9   	
10000.000000	8.29728e+06	10000.000000	9.00231e+06	10000.000000	1.05243e+07	10000.000000	1.05789e+07	10000.000000	1.05242e+07	10000.000000	21173.1   	10000.000000	34659.2   	10000.000000	51938.7   	10000.000000	54670.7   	10000.000000	78231.9   	
11000.000000	8.81002e+06	11000.000000	9.68959e+06	11000.000000	1.15519e+07	11000.000000	1.16114e+07	11000.000000	1.15519e+07	11000.000000	22227.3   	11000.000000	39004.9   	11000.000000	55094.1   	11000.000000	58244.4   	11000.000000	83565.3   	
12000.000000	9.28161e+06	12000.000000	1.03437e+07	12000.000000	1.25708e+07	12000.000000	1.26351e+07	12000.000000	1.25708e+07	12000.000000	23220.9   	12000.000000	43472.7   	12000.000000	58087.2   	12000.000000	61636     	12000.000000	88642.4   	
13000.000000	9.71679e+06	13000.000000	1.09677e+07	13000.000000	1.35818e+07	13000.000000	1.36508e+07	13000.000000	1.35818e+07	13000.000000	24162.6   	13000.000000	48060.2   	13000.000000	60938.3   	13000.000000	64867     	13000.000000	93493.2   	
14000.000000	1.01196e+07	14000.000000	1.15643e+07	14000.000000	1.45855e+07	14000.000000	1.46591e+07	14000.000000	1.45855e+07	14000.000000	25059     	14000.000000	52760.4   	14000.000000	63664.3   	14000.000000	67955.6   	14000.000000	98142.4   	
15000.000000	1.04936e+07	15000.000000	1.21357e+07	15000.000000	1.55825e+07	15000.000000	1.56606e+07	15000.000000	1.55825e+07	15000.000000	25915.8   	15000.000000	57566.4   	15000.000000	66278.8   	15000.000000	70916.6   	15000.000000	102611    	
16000.000000	1.08417e+07	16000.000000	1.2684e+07	16000.000000	1.65734e+07	16000.000000	1.66558e+07	16000.000000	1.65733e+07	16000.000000	26737.3   	16000.000000	62473.8   	16000.000000	68793.4   	16000.000000	73762.9   	16000.000000	106916    	
17000.000000	1.11666e+07	17000.000000	1.32111e+07	17000.000000	1.75586e+07	17000.000000	1.76453e+07	17000.000000	1.75585e+07	17000.000000	27527.3   	17000.000000	67480.6   	17000.000000	71217.6   	17000.000000	76505     	17000.000000	111072    	
18000.000000	1.14705e+07	18000.000000	1.37185e+07	18000.000000	1.85384e+07	18000.000000	1.86293e+07	18000.000000	1.85383e+07	18000.000000	28289     	18000.000000	72585.3   	18000.000000	73559.8   	18000.000000	79152.2   	18000.000000	115093    	
19000.000000	1.17554e+07	19000.000000	1.42077e+07	19000.000000	1.95133e+07	19000.000000	1.96083e+07	19000.000000	1.95131e+07	19000.000000	29024.9   	19000.000000	77786.7   	19000.000000	75827.1   	19000.000000	81712.7   	19000.000000	118990    	
20000.000000	1.2023e+07	20000.000000	1.468e+07 	20000.000000	2.04835e+07	20000.000000	2.05826e+07	20000.000000	2.04833e+07	20000.000000	29737.5   	20000.000000	83083.7   	20000.000000	78025.6   	20000.000000	84193.2   	20000.000000	122773    	
21000.000000	1.22749e+07	21000.000000	1.51365e+07	21000.000000	2.14492e+07	21000.000000	2.15524e+07	21000.000000	2.1449e+07	21000.000000	30428.6   	21000.000000	88474.6   	21000.000000	80160.6   	21000.000000	86600.1   	21000.000000	126449    	
22000.000000	1.25124e+07	22000.000000	1.55783e+07	22000.000000	2.24109e+07	22000.000000	2.2518e+07	22000.000000	2.24107e+07	22000.000000	31100     	22000.000000	93957.4   	22000.000000	82237     	22000.000000	88938.6   	22000.000000	130027    	
23000.000000	1.27366e+07	23000.000000	1.60063e+07	23000.000000	2.33686e+07	23000.000000	2.34796e+07	23000.000000	2.33685e+07	23000.000000	31753.3   	23000.000000	99526.9   	23000.000000	84258.9   	23000.000000	91213.6   	23000.000000	133514    	
24000.000000	1.29488e+07	24000.000000	1.64214e+07	24000.000000	2.43227e+07	24000.000000	2.44375e+07	24000.000000	2.43226e+07	24000.000000	32389.6   	24000.000000	105177    	24000.000000	86229.9   	24000.000000	93429.4   	24000.000000	136915    	
25000.000000	1.31497e+07	25000.000000	1.68243e+07	25000.000000	2.52733e+07	25000.000000	2.53918e+07	25000.000000	2.52731e+07	25000.000000	33010.3   	25000.000000	110907    	25000.000000	88153.5   	25000.000000	95589.7   	25000.000000	140237    	
26000.000000	1.33403e+07	26000.000000	1.72158e+07	26000.000000	2.62206e+07	26000.000000	2.63427e+07	26000.000000	2.62204e+07	26000.000000	33616.3   	26000.000000	116716    	26000.000000	90032.6   	26000.000000	97698.2   	26000.000000	143483    	
27000.000000	1.35214e+07	27000.000000	1.75965e+07	27000.000000	2.71646e+07	27000.000000	2.72904e+07	27000.000000	2.71645e+07	27000.000000	34208.6   	27000.000000	122601    	27000.000000	91869.9   	27000.000000	99757.8   	27000.000000	146658    	
28000.000000	1.36937e+07	28000.000000	1.7967e+07	28000.000000	2.81057e+07	28000.000000	2.8235e+07	28000.000000	2.81055e+07	28000.000000	34788.1   	28000.000000	128562    	28000.000000	93667.8   	28000.000000	101771    	28000.000000	149767    	
29000.000000	1.38577e+07	29000.000000	1.83279e+07	29000.000000	2.90438e+07	29000.000000	2.91766e+07	29000.000000	2.90437e+07	29000.000000	35355.5   	29000.000000	134598    	29000.000000	95428.5   	29000.000000	103742    	29000.000000	152813    	
30000.000000	1.4014e+07	30000.000000	1.86796e+07	30000.000000	2.99792e+07	30000.000000	3.01154e+07	30000.000000	2.99791e+07	30000.000000	35911.5   	30000.000000	140708    	30000.000000	97154.1   	30000.000000	105671    	30000.000000	155799    	
32000.000000	1.43057e+07	32000.000000	1.93574e+07	32000.000000	3.18422e+07	32000.000000	3.1985e+07	32000.000000	3.18421e+07	32000.000000	36991.9   	32000.000000	153145    	32000.000000	100507    	32000.000000	109414    	32000.000000	161605    	
34000.000000	1.45725e+07	34000.000000	2.00038e+07	34000.000000	3.36954e+07	34000.000000	3.38445e+07	34000.000000	3.36953e+07	34000.000000	38033.6   	34000.000000	165854    	34000.000000	103739    	34000.000000	113017    	34000.000000	167205    	
36000.000000	1.48172e+07	36000.000000	2.06216e+07	36000.000000	3.55395e+07	36000.000000	3.56948e+07	36000.000000	3.55395e+07	36000.000000	39040.5   	36000.000000	178820    	36000.000000	106863    	36000.000000	116493    	36000.000000	172619    	
38000.000000	1.50426e+07	38000.000000	2.12133e+07	38000.000000	3.73753e+07	38000.000000	3.75363e+07	38000.000000	3.73753e+07	38000.000000	40015.7   	38000.000000	192033    	38000.000000	109886    	38000.000000	119852    	38000.000000	177863    	
40000.000000	1.52507e+07	40000.000000	2.17811e+07	40000.000000	3.92033e+07	40000.000000	3.93697e+07	40000.000000	3.92033e+07	40000.000000	40961.9   	40000.000000	205487    	40000.000000	112817    	40000.000000	123104    	40000.000000	182950    	
42000.000000	1.54435e+07	42000.000000	2.23269e+07	42000.000000	4.10239e+07	42000.000000	4.11955e+07	42000.000000	4.10239e+07	42000.000000	41881.6   	42000.000000	219177    	42000.000000	115665    	42000.000000	126257    	42000.000000	187892    	
44000.000000	1.56225e+07	44000.000000	2.28523e+07	44000.000000	4.28376e+07	44000.000000	4.30142e+07	44000.000000	4.28376e+07	44000.000000	42776.7   	44000.000000	233097    	44000.000000	118433    	44000.000000	129320    	44000.000000	192701    	
46000.000000	1.57891e+07	46000.000000	2.33589e+07	46000.000000	4.46449e+07	46000.000000	4.4826e+07	46000.000000	4.46449e+07	46000.000000	43649.2   	46000.000000	247242    	46000.000000	121129    	46000.000000	132298    	46000.000000	197385    	
48000.000000	1.59445e+07	48000.000000	2.38481e+07	48000.000000	4.6446e+07	48000.000000	4.66315e+07	48000.000000	4.64461e+07	48000.000000	44500.6   	48000.000000	261605    	48000.000000	123758    	48000.000000	135198    	48000.000000	201953    	
50000.000000	1.60898e+07	50000.000000	2.4321e+07	50000.000000	4.82414e+07	50000.000000	4.84308e+07	50000.000000	4.82415e+07	50000.000000	45332.4   	50000.000000	276179    	50000.000000	126323    	50000.000000	138023    	50000.000000	206412    	
