! 12B range in Si
! apply ZOOM for details
Energy (MeV/u)1	0 - [He-base] F.Hubert et al, AD&ND Tables 46(1990)1	Energy (MeV/u)2	1 - [H -base] J.F.Ziegler et al,Pergamon Press,NY(low energy)	Energy (MeV/u)3	2 - ATIMA 1.2 LS-theory (recommended for high energy)	Energy (MeV/u)4	3 - ATIMA 1.2 without LS-correction	Energy (MeV/u)5	4 - ATIMA 1.4 H.Weick, improved mean charge formula for HI	Energy (MeV/u)6	5 - Range straggling - method [0] - LISE	Energy (MeV/u)7	6 - Range straggling - method [1] - Atima	Energy (MeV/u)8	7 - Lateral range - method [0] - LISE	Energy (MeV/u)9	8 - Lateral range - method [1] - Atima	Energy (MeV/u)10	9 - Lateral range - method [2] - PDG	
0.001000	0.0612565 	0.001000	0.0612565 	0.001000	0.0559346 	0.001000	0.0559346 	0.001000	0.0559436 	0.001000	0         	0.001000	0         	0.001000	0.000824897	0.001000	0.00132664	0.001000	0.000619781	
0.002000	0.124721  	0.002000	0.122513  	0.002000	0.111869  	0.002000	0.111869  	0.002000	0.111887  	0.002000	0.0073711 	0.002000	0.0073711 	0.002000	0.00241569	0.002000	0.00375321	0.002000	0.00188779	
0.005000	0.28994   	0.005000	0.281985  	0.005000	0.257598  	0.005000	0.257598  	0.005000	0.257627  	0.005000	0.00878816	0.005000	0.00878816	0.005000	0.00873035	0.005000	0.0130803 	0.005000	0.00707283	
0.008000	0.43325   	0.008000	0.42031   	0.008000	0.384637  	0.008000	0.384637  	0.008000	0.384672  	0.008000	0.00885219	0.008000	0.00885219	0.008000	0.0162086 	0.008000	0.0238554 	0.008000	0.0133417 	
0.010000	0.520804  	0.010000	0.504818  	0.010000	0.462593  	0.010000	0.462593  	0.010000	0.46263   	0.010000	0.00908016	0.010000	0.00908016	0.010000	0.0215515 	0.010000	0.0314605 	0.010000	0.0178629 	
0.015000	0.719692  	0.015000	0.696787  	0.015000	0.640809  	0.015000	0.640809  	0.015000	0.640849  	0.015000	0.0102632 	0.015000	0.0102632 	0.015000	0.0356362 	0.015000	0.0512868 	0.015000	0.0298799 	
0.020000	0.885017  	0.020000	0.856362  	0.020000	0.793958  	0.020000	0.793958  	0.020000	0.794     	0.020000	0.0116332 	0.020000	0.0116332 	0.020000	0.0495286 	0.020000	0.0706943 	0.020000	0.0417973 	
0.025000	1.02307   	0.025000	0.989616  	0.025000	0.925993  	0.025000	0.925993  	0.025000	0.926036  	0.025000	0.0128222 	0.025000	0.0128222 	0.025000	0.0626808 	0.025000	0.0889967 	0.025000	0.0531105 	
0.030000	1.14243   	0.030000	1.10482   	0.030000	1.04301   	0.030000	1.04301   	0.030000	1.04305   	0.030000	0.0138245 	0.030000	0.0138245 	0.030000	0.0751955 	0.030000	0.106352  	0.030000	0.0639013 	
0.035000	1.24844   	0.035000	1.20715   	0.035000	1.14928   	0.035000	1.14928   	0.035000	1.14932   	0.035000	0.014685  	0.035000	0.014685  	0.035000	0.0872338 	0.035000	0.122992  	0.035000	0.0743053 	
0.040000	1.3452    	0.040000	1.30053   	0.040000	1.24718   	0.040000	1.24718   	0.040000	1.24723   	0.040000	0.0154319 	0.040000	0.0154319 	0.040000	0.0988676 	0.040000	0.139028  	0.040000	0.0843793 	
0.045000	1.43502   	0.045000	1.38723   	0.045000	1.33845   	0.045000	1.33845   	0.045000	1.33849   	0.045000	0.01609   	0.045000	0.01609   	0.045000	0.110169  	0.045000	0.154564  	0.045000	0.0941833 	
0.050000	1.51944   	0.050000	1.46872   	0.050000	1.42436   	0.050000	1.42436   	0.050000	1.42441   	0.050000	0.0166786 	0.050000	0.0165115 	0.050000	0.120232  	0.050000	0.168362  	0.050000	0.102928  	
0.055000	1.59962   	0.055000	1.5461    	0.055000	1.50591   	0.055000	1.50591   	0.055000	1.50596   	0.055000	0.0172125 	0.055000	0.0168017 	0.055000	0.128587  	0.055000	0.179603  	0.055000	0.1102    	
0.060000	1.67641   	0.060000	1.62023   	0.060000	1.58387   	0.060000	1.58387   	0.060000	1.58391   	0.060000	0.0177032 	0.060000	0.0170692 	0.060000	0.135772  	0.060000	0.189159  	0.060000	0.116465  	
0.070000	1.8224    	0.070000	1.76114   	0.070000	1.7313    	0.070000	1.7313    	0.070000	1.73134   	0.070000	0.0185879 	0.070000	0.0175551 	0.070000	0.147854  	0.070000	0.204948  	0.070000	0.127025  	
0.080000	1.96128   	0.080000	1.89518   	0.080000	1.87026   	0.080000	1.87026   	0.080000	1.8703    	0.080000	0.0193823 	0.080000	0.0179966 	0.080000	0.157776  	0.080000	0.217704  	0.080000	0.135726  	
0.090000	2.0955    	0.090000	2.02474   	0.090000	2.00319   	0.090000	2.00319   	0.090000	2.00324   	0.090000	0.0201177 	0.090000	0.0184105 	0.090000	0.16627   	0.090000	0.228518  	0.090000	0.1432    	
0.100000	2.2267    	0.100000	2.15137   	0.100000	2.13181   	0.100000	2.13181   	0.100000	2.13185   	0.100000	0.0208147 	0.100000	0.0188079 	0.100000	0.173786  	0.100000	0.238017  	0.100000	0.149832  	
0.120000	2.48401   	0.120000	2.39973   	0.120000	2.38063   	0.120000	2.38063   	0.120000	2.38067   	0.120000	0.0221445 	0.120000	0.019581  	0.120000	0.186887  	0.120000	0.254446  	0.120000	0.161442  	
0.140000	2.73751   	0.140000	2.64441   	0.140000	2.62309   	0.140000	2.62309   	0.140000	2.62314   	0.140000	0.0234398 	0.140000	0.0203526 	0.140000	0.198163  	0.140000	0.268469  	0.140000	0.171489  	
0.160000	2.98902   	0.160000	2.88718   	0.160000	2.86275   	0.160000	2.86275   	0.160000	2.86279   	0.160000	0.0247347 	0.160000	0.0211414 	0.160000	0.20829   	0.160000	0.280979  	0.160000	0.180556  	
0.180000	3.24008   	0.180000	3.1295    	0.180000	3.1016    	0.180000	3.1016    	0.180000	3.10164   	0.180000	0.0260463 	0.180000	0.0219566 	0.180000	0.21777   	0.180000	0.292591  	0.180000	0.189075  	
0.200000	3.49147   	0.200000	3.37214   	0.200000	3.34081   	0.200000	3.34081   	0.200000	3.34085   	0.200000	0.0273821 	0.200000	0.0228022 	0.200000	0.226543  	0.200000	0.303289  	0.200000	0.196994  	
0.250000	4.12205   	0.250000	3.98079   	0.250000	3.94405   	0.250000	3.94405   	0.250000	3.94409   	0.250000	0.0308382 	0.250000	0.02505   	0.250000	0.247024  	0.250000	0.327941  	0.250000	0.215575  	
0.300000	4.75556   	0.300000	4.59227   	0.300000	4.5574    	0.300000	4.5574    	0.300000	4.55745   	0.300000	0.0344432 	0.300000	0.0274665 	0.300000	0.265889  	0.300000	0.350279  	0.300000	0.23281   	
0.350000	5.39079   	0.350000	5.2054    	0.350000	5.18172   	0.350000	5.18172   	0.350000	5.18177   	0.350000	0.0381632 	0.350000	0.0300157 	0.350000	0.283766  	0.350000	0.371146  	0.350000	0.249225  	
0.400000	6.02783   	0.400000	5.82027   	0.400000	5.81352   	0.400000	5.81352   	0.400000	5.81357   	0.400000	0.0419107 	0.400000	0.0326245 	0.400000	0.300876  	0.400000	0.39082   	0.400000	0.265001  	
0.450000	6.66294   	0.450000	6.4333    	0.450000	6.45159   	0.450000	6.45159   	0.450000	6.45164   	0.450000	0.0456554 	0.450000	0.0352606 	0.450000	0.317222  	0.450000	0.40938   	0.450000	0.280137  	
0.500000	7.29928   	0.500000	7.0475    	0.500000	7.09729   	0.500000	7.09729   	0.500000	7.09734   	0.500000	0.0494169 	0.500000	0.037929  	0.500000	0.333201  	0.500000	0.427269  	0.500000	0.294975  	
0.600000	8.57586   	0.600000	8.27967   	0.600000	8.41554   	0.600000	8.41554   	0.600000	8.41558   	0.600000	0.0570471 	0.600000	0.0433795 	0.600000	0.36408   	0.600000	0.461447  	0.600000	0.32378   	
0.700000	9.87216   	0.700000	9.53088   	0.700000	9.77656   	0.700000	9.77656   	0.700000	9.7766    	0.700000	0.0649246 	0.700000	0.04903   	0.700000	0.394249  	0.700000	0.494456  	0.700000	0.352051  	
0.800000	11.2142   	0.800000	10.8262   	0.800000	11.1835   	0.800000	11.1835   	0.800000	11.1835   	0.800000	0.0730876 	0.800000	0.0548877 	0.800000	0.423983  	0.800000	0.526741  	0.800000	0.380015  	
0.900000	12.6095   	0.900000	12.173    	0.900000	12.6377   	0.900000	12.6377   	0.900000	12.6378   	0.900000	0.0815508 	0.900000	0.0609495 	0.900000	0.453492  	0.900000	0.558613  	0.900000	0.407845  	
1.000000	14.0604   	1.000000	13.5734   	1.000000	14.1402   	1.000000	14.1402   	1.000000	14.1403   	1.000000	0.0903265 	1.000000	0.0672145 	1.000000	0.482961  	1.000000	0.590284  	1.000000	0.4357    	
1.250000	17.9409   	1.250000	17.3189   	1.250000	18.115    	1.250000	18.115    	1.250000	18.115    	1.250000	0.113747  	1.250000	0.0839877 	1.250000	0.557007  	1.250000	0.669426  	1.250000	0.505898  	
1.500000	22.1884   	1.500000	21.4187   	1.500000	22.4214   	1.500000	22.4214   	1.500000	22.4214   	1.500000	0.139589  	1.500000	0.103357  	1.500000	0.63275   	1.500000	0.749827  	1.500000	0.577933  	
1.750000	26.8269   	1.750000	25.8959   	1.750000	27.0563   	1.750000	27.0563   	1.750000	27.0563   	1.750000	0.167775  	1.750000	0.124823  	1.750000	0.710689  	1.750000	0.83212   	1.750000	0.652227  	
2.000000	31.8495   	2.000000	30.7437   	2.000000	32.0157   	2.000000	32.0157   	2.000000	32.0157   	2.000000	0.198251  	2.000000	0.147982  	2.000000	0.791133  	2.000000	0.916666  	2.000000	0.729042  	
2.250000	37.2438   	2.250000	35.9504   	2.250000	37.2976   	2.250000	37.2976   	2.250000	37.2976   	2.250000	0.231009  	2.250000	0.172635  	2.250000	0.862802  	2.250000	1.00372   	2.250000	0.797735  	
2.500000	42.9974   	2.500000	41.507    	2.500000	42.9006   	2.500000	42.9006   	2.500000	42.9007   	2.500000	0.266054  	2.500000	0.198675  	2.500000	0.929446  	2.500000	1.09338   	2.500000	0.861754  	
3.000000	55.0554   	3.000000	53.6814   	3.000000	55.0649   	3.000000	55.0649   	3.000000	55.0649   	3.000000	0.343027  	3.000000	0.254679  	3.000000	1.07379   	3.000000	1.2569    	3.000000	1.00035   	
3.500000	68.4264   	3.500000	67.2231   	3.500000	68.4969   	3.500000	68.4969   	3.500000	68.4969   	3.500000	0.429181  	3.500000	0.31572   	3.500000	1.23248   	3.500000	1.4239    	3.500000	1.15274   	
4.000000	83.096    	4.000000	82.0713   	4.000000	83.1828   	4.000000	83.1828   	4.000000	83.1828   	4.000000	0.524468  	4.000000	0.381641  	4.000000	1.40513   	4.000000	1.60443   	4.000000	1.31864   	
4.500000	99.0489   	4.500000	98.1857   	4.500000	99.1075   	4.500000	99.1075   	4.500000	99.1075   	4.500000	0.628801  	4.500000	0.452274  	4.500000	1.59142   	4.500000	1.79795   	4.500000	1.49777   	
5.000000	116.27    	5.000000	115.537   	5.000000	116.255   	5.000000	116.255   	5.000000	116.255   	5.000000	0.742071  	5.000000	0.527477  	5.000000	1.79108   	5.000000	2.004     	5.000000	1.68991   	
5.500000	134.745   	5.500000	134.101   	5.500000	134.61    	5.500000	134.61    	5.500000	134.61    	5.500000	0.86416   	5.500000	0.607139  	5.500000	2.00379   	5.500000	2.22217   	5.500000	1.89476   	
6.000000	154.459   	6.000000	153.858   	6.000000	154.158   	6.000000	154.158   	6.000000	154.158   	6.000000	0.994955  	6.000000	0.69116   	6.000000	2.22937   	6.000000	2.45218   	6.000000	2.11216   	
6.500000	175.399   	6.500000	174.791   	6.500000	174.883   	6.500000	174.883   	6.500000	174.883   	6.500000	1.13434   	6.500000	0.779442  	6.500000	2.46758   	6.500000	2.69369   	6.500000	2.34189   	
7.000000	197.552   	7.000000	196.884   	7.000000	196.771   	7.000000	196.771   	7.000000	196.771   	7.000000	1.28221   	7.000000	0.871897  	7.000000	2.71823   	7.000000	2.94649   	7.000000	2.58379   	
7.500000	220.907   	7.500000	220.122   	7.500000	219.811   	7.500000	219.811   	7.500000	219.81    	7.500000	1.43847   	7.500000	0.968445  	7.500000	2.98115   	7.500000	3.21032   	7.500000	2.83768   	
8.000000	245.452   	8.000000	244.493   	8.000000	243.988   	8.000000	243.988   	8.000000	243.987   	8.000000	1.60301   	8.000000	1.06901   	8.000000	3.25619   	8.000000	3.48499   	8.000000	3.10343   	
8.500000	271.175   	8.500000	269.982   	8.500000	269.291   	8.500000	269.291   	8.500000	269.29    	8.500000	1.77574   	8.500000	1.17353   	8.500000	3.54318   	8.500000	3.77031   	8.500000	3.38089   	
9.000000	298.066   	9.000000	296.579   	9.000000	295.708   	9.000000	295.708   	9.000000	295.708   	9.000000	1.95658   	9.000000	1.28194   	9.000000	3.842     	9.000000	4.06611   	9.000000	3.66993   	
9.500000	326.116   	9.500000	324.272   	9.500000	323.231   	9.500000	323.231   	9.500000	323.23    	9.500000	2.14545   	9.500000	1.39418   	9.500000	4.15252   	9.500000	4.37224   	9.500000	3.97044   	
10.000000	355.313   	10.000000	353.046   	10.000000	351.847   	10.000000	351.847   	10.000000	351.847   	10.000000	2.34227   	10.000000	1.51022   	10.000000	4.47461   	10.000000	4.68854   	10.000000	4.28231   	
11.000000	417.117   	11.000000	413.562   	11.000000	412.373   	11.000000	412.356   	11.000000	412.369   	11.000000	2.7604    	11.000000	1.75394   	11.000000	5.15374   	11.000000	5.35173   	11.000000	4.94031   	
12.000000	483.407   	12.000000	478.343   	12.000000	477.281   	12.000000	477.214   	12.000000	477.268   	12.000000	3.21151   	12.000000	2.01326   	12.000000	5.87946   	12.000000	6.05553   	12.000000	5.64403   	
13.000000	554.118   	13.000000	547.353   	13.000000	546.526   	13.000000	546.382   	13.000000	546.501   	13.000000	3.6954    	13.000000	2.28801   	13.000000	6.6514    	13.000000	6.79938   	13.000000	6.39316   	
14.000000	629.189   	14.000000	620.557   	14.000000	620.071   	14.000000	619.823   	14.000000	620.033   	14.000000	4.21187   	14.000000	2.57816   	14.000000	7.46926   	14.000000	7.58284   	14.000000	7.18742   	
15.000000	708.562   	15.000000	697.917   	15.000000	697.882   	15.000000	697.508   	15.000000	697.828   	15.000000	4.76079   	15.000000	2.88349   	15.000000	8.33279   	15.000000	8.40549   	15.000000	8.02659   	
16.000000	792.184   	16.000000	779.399   	16.000000	779.928   	16.000000	779.407   	16.000000	779.86    	16.000000	5.34205   	16.000000	3.20376   	16.000000	9.24176   	16.000000	9.267     	16.000000	8.91049   	
17.000000	880.003   	17.000000	864.967   	17.000000	866.184   	17.000000	865.497   	17.000000	866.099   	17.000000	5.95555   	17.000000	3.53891   	17.000000	10.196    	17.000000	10.167    	17.000000	9.83892   	
18.000000	971.971   	18.000000	954.587   	18.000000	956.624   	18.000000	955.755   	18.000000	956.523   	18.000000	6.60123   	18.000000	3.88896   	18.000000	11.1952   	18.000000	11.1053   	18.000000	10.8118   	
19.000000	1068.04   	19.000000	1048.22   	19.000000	1051.22   	19.000000	1050.16   	19.000000	1051.11   	19.000000	7.27901   	19.000000	4.25395   	19.000000	12.2394   	19.000000	12.0816   	19.000000	11.829    	
20.000000	1168.17   	20.000000	1145.85   	20.000000	1149.97   	20.000000	1148.7    	20.000000	1149.84   	20.000000	7.98887   	20.000000	4.63377   	20.000000	13.3285   	20.000000	13.0957   	20.000000	12.8904   	
21.000000	1272.32   	21.000000	1247.42   	21.000000	1252.83   	21.000000	1251.35   	21.000000	1252.69   	21.000000	8.73077   	21.000000	5.02824   	21.000000	14.4622   	21.000000	14.1474   	21.000000	13.9959   	
22.000000	1380.44   	22.000000	1352.92   	22.000000	1359.8    	22.000000	1358.1    	22.000000	1359.65   	22.000000	9.50468   	22.000000	5.43728   	22.000000	15.6406   	22.000000	15.2365   	22.000000	15.1456   	
23.000000	1492.5    	23.000000	1462.3    	23.000000	1470.86   	23.000000	1468.93   	23.000000	1470.7    	23.000000	10.3106   	23.000000	5.8609    	23.000000	16.8635   	23.000000	16.3629   	23.000000	16.3393   	
24.000000	1608.47   	24.000000	1575.55   	24.000000	1585.99   	24.000000	1583.83   	24.000000	1585.82   	24.000000	11.1484   	24.000000	6.29906   	24.000000	18.1309   	24.000000	17.5264   	24.000000	17.5769   	
25.000000	1728.29   	25.000000	1692.63   	25.000000	1705.19   	25.000000	1702.8    	25.000000	1705.01   	25.000000	12.0183   	25.000000	6.75173   	25.000000	19.4426   	25.000000	18.7269   	25.000000	18.8586   	
27.000000	1979.41   	27.000000	1938.17   	27.000000	1955.72   	27.000000	1952.86   	27.000000	1955.52   	27.000000	13.8536   	27.000000	7.7005    	27.000000	22.1992   	27.000000	21.2383   	27.000000	21.5537   	
29.000000	2245.58   	29.000000	2198.7    	29.000000	2222.34   	29.000000	2219.02   	29.000000	2222.13   	29.000000	15.8165   	29.000000	8.70687   	29.000000	25.1325   	29.000000	23.8961   	29.000000	24.4244   	
31.000000	2526.56   	31.000000	2474.01   	31.000000	2504.79   	31.000000	2501.07   	31.000000	2504.58   	31.000000	17.9035   	31.000000	9.76831   	31.000000	28.2403   	31.000000	26.6977   	31.000000	27.4683   	
33.000000	2822.13   	33.000000	2763.9    	33.000000	2802.07   	33.000000	2798.01   	33.000000	2801.85   	33.000000	20.0947   	33.000000	10.8752   	33.000000	31.5092   	33.000000	29.6314   	33.000000	30.6729   	
35.000000	3132.06   	35.000000	3068.18   	35.000000	3113.81   	35.000000	3109.48   	35.000000	3113.58   	35.000000	22.3867   	35.000000	12.0261   	35.000000	34.9349   	35.000000	32.6933   	35.000000	34.0341   	
38.000000	3623.43   	38.000000	3551.18   	38.000000	3608.08   	38.000000	3603.54   	38.000000	3607.88   	38.000000	26.012    	38.000000	13.8337   	38.000000	40.3622   	38.000000	37.5213   	38.000000	39.365    	
41.000000	4145.98   	41.000000	4065.54   	41.000000	4133.82   	41.000000	4129.24   	41.000000	4133.66   	41.000000	29.8592   	41.000000	15.7361   	41.000000	46.1293   	41.000000	42.6249   	41.000000	45.0367   	
44.000000	4699.12   	44.000000	4610.69   	44.000000	4690.47   	44.000000	4686      	44.000000	4690.34   	44.000000	33.9248   	44.000000	17.7323   	44.000000	52.2287   	44.000000	47.9973   	44.000000	51.0429   	
47.000000	5282.25   	47.000000	5186.09   	47.000000	5277.52   	47.000000	5273.26   	47.000000	5277.36   	47.000000	38.2047   	47.000000	19.8219   	47.000000	58.6537   	47.000000	53.6322   	47.000000	57.3775   	
50.000000	5894.83   	50.000000	5791.23   	50.000000	5894.36   	50.000000	5890.51   	50.000000	5894.2    	50.000000	42.6951   	50.000000	22.0013   	50.000000	65.3976   	50.000000	59.5239   	50.000000	64.035    	
55.000000	6979.89   	55.000000	6864.54   	55.000000	6987.32   	55.000000	6984.53   	55.000000	6987.21   	55.000000	50.6355   	55.000000	25.8293   	55.000000	77.3299   	55.000000	69.8993   	55.000000	75.8337   	
60.000000	8143.13   	60.000000	8016.93   	60.000000	8159.71   	60.000000	8158.28   	60.000000	8159.54   	60.000000	59.1306   	60.000000	29.8955   	60.000000	90.1043   	60.000000	80.9496   	60.000000	88.4913   	
65.000000	9382.54   	65.000000	9246.35   	65.000000	9409.34   	65.000000	9409.75   	65.000000	9409.18   	65.000000	68.1622   	65.000000	34.189    	65.000000	103.696   	65.000000	92.6536   	65.000000	101.986   	
70.000000	10696.2   	70.000000	10550.9   	70.000000	10734.4   	70.000000	10737.1   	70.000000	10734.2   	70.000000	77.7127   	70.000000	38.7052   	70.000000	118.081   	70.000000	104.992   	70.000000	116.298   	
75.000000	12082.4   	75.000000	11928.7   	75.000000	12133.1   	75.000000	12138.4   	75.000000	12132.9   	75.000000	87.7653   	75.000000	43.4356   	75.000000	133.237   	75.000000	117.946   	75.000000	131.408   	
80.000000	13539.5   	80.000000	13378.1   	80.000000	13603.7   	80.000000	13612.1   	80.000000	13603.6   	80.000000	98.3037   	80.000000	48.3761   	80.000000	149.142   	80.000000	131.499   	80.000000	147.298   	
85.000000	15065.8   	85.000000	14897.5   	85.000000	15144.7   	85.000000	15156.6   	85.000000	15144.7   	85.000000	109.312   	85.000000	53.5164   	85.000000	165.778   	85.000000	145.634   	85.000000	163.951   	
90.000000	16660.1   	90.000000	16485.2   	90.000000	16754.5   	90.000000	16770.3   	90.000000	16754.5   	90.000000	120.776   	90.000000	58.8553   	90.000000	183.123   	90.000000	160.338   	90.000000	181.351   	
95.000000	18320.8   	95.000000	18139.7   	95.000000	18431.7   	95.000000	18451.7   	95.000000	18431.8   	95.000000	132.68    	95.000000	64.3869   	95.000000	201.16    	95.000000	175.594   	95.000000	199.481   	
100.000000	20046.6   	100.000000	19859.7   	100.000000	20174.9   	100.000000	20199.5   	100.000000	20175     	100.000000	145.011   	100.000000	70.1036   	100.000000	219.87    	100.000000	191.391   	100.000000	218.327   	
105.000000	21836.5   	105.000000	21643.7   	105.000000	21982.7   	105.000000	22012.3   	105.000000	21982.9   	105.000000	157.756   	105.000000	75.9977   	105.000000	239.237   	105.000000	207.714   	105.000000	237.873   	
110.000000	23689     	110.000000	23490.4   	110.000000	23853.8   	110.000000	23888.8   	110.000000	23854.1   	110.000000	170.9     	110.000000	82.0636   	110.000000	259.244   	110.000000	224.55    	110.000000	258.106   	
115.000000	25603.2   	115.000000	25398.4   	115.000000	25787     	115.000000	25827.8   	115.000000	25787.4   	115.000000	184.433   	115.000000	88.3021   	115.000000	279.874   	115.000000	241.889   	115.000000	279.013   	
120.000000	27577.9   	120.000000	27366.7   	120.000000	27781.1   	120.000000	27828     	120.000000	27781.6   	120.000000	198.341   	120.000000	94.7076   	120.000000	301.113   	120.000000	259.719   	120.000000	300.579   	
125.000000	29612.1   	125.000000	29393.9   	125.000000	29835.1   	125.000000	29888.3   	125.000000	29835.6   	125.000000	212.613   	125.000000	101.271   	125.000000	322.945   	125.000000	278.028   	125.000000	322.793   	
130.000000	31704.8   	130.000000	31478.9   	130.000000	31947.8   	130.000000	32007.5   	130.000000	31948.1   	130.000000	227.238   	130.000000	107.994   	130.000000	345.355   	130.000000	296.806   	130.000000	345.641   	
135.000000	33855     	135.000000	33620.6   	135.000000	34117.9   	135.000000	34184.6   	135.000000	34118.1   	135.000000	242.205   	135.000000	114.871   	135.000000	368.331   	135.000000	316.043   	135.000000	369.112   	
140.000000	36061.8   	140.000000	35818     	140.000000	36344.4   	140.000000	36418.4   	140.000000	36344.6   	140.000000	257.504   	140.000000	121.894   	140.000000	391.857   	140.000000	335.728   	140.000000	393.195   	
145.000000	38324.4   	145.000000	38069.9   	145.000000	38626.3   	145.000000	38708.1   	145.000000	38626.4   	145.000000	273.123   	145.000000	129.062   	145.000000	415.922   	145.000000	355.852   	145.000000	417.877   	
150.000000	40641.9   	150.000000	40375.3   	150.000000	40962.5   	150.000000	41052.4   	150.000000	40962.7   	150.000000	289.054   	150.000000	136.37    	150.000000	440.511   	150.000000	376.406   	150.000000	443.147   	
155.000000	43046     	155.000000	42733.3   	155.000000	43352.2   	155.000000	43450.6   	155.000000	43352.5   	155.000000	305.286   	155.000000	143.816   	155.000000	465.613   	155.000000	397.381   	155.000000	468.995   	
160.000000	45502.4   	160.000000	45142.9   	160.000000	45794.3   	160.000000	45901.5   	160.000000	45794.7   	160.000000	321.811   	160.000000	151.397   	160.000000	491.216   	160.000000	418.768   	160.000000	495.411   	
165.000000	48008.8   	165.000000	47603.2   	165.000000	48288.1   	165.000000	48404.4   	165.000000	48288.5   	165.000000	338.619   	165.000000	159.109   	165.000000	517.307   	165.000000	440.558   	165.000000	522.383   	
170.000000	50564.4   	170.000000	50113.2   	170.000000	50832.7   	170.000000	50958.3   	170.000000	50833     	170.000000	355.702   	170.000000	166.951   	170.000000	543.875   	170.000000	462.744   	170.000000	549.902   	
175.000000	53168.4   	175.000000	52672.1   	175.000000	53427.1   	175.000000	53562.3   	175.000000	53427.3   	175.000000	373.051   	175.000000	174.919   	175.000000	570.909   	175.000000	485.316   	175.000000	577.959   	
180.000000	55820     	180.000000	55279.1   	180.000000	56070.4   	180.000000	56215.5   	180.000000	56070.5   	180.000000	390.658   	180.000000	183.011   	180.000000	598.399   	180.000000	508.269   	180.000000	606.543   	
185.000000	58518.3   	185.000000	57933.2   	185.000000	58761.8   	185.000000	58917.2   	185.000000	58761.9   	185.000000	408.515   	185.000000	191.223   	185.000000	626.333   	185.000000	531.593   	185.000000	635.645   	
190.000000	61262.5   	190.000000	60633.8   	190.000000	61500.5   	190.000000	61666.5   	190.000000	61500.6   	190.000000	426.614   	190.000000	199.555   	190.000000	654.7     	190.000000	555.281   	190.000000	665.256   	
195.000000	64052     	195.000000	63379.9   	195.000000	64285.6   	195.000000	64462.7   	195.000000	64285.9   	195.000000	444.948   	195.000000	208.003   	195.000000	683.493   	195.000000	579.327   	195.000000	695.368   	
200.000000	66886     	200.000000	66170.8   	200.000000	67116.6   	200.000000	67304.9   	200.000000	67116.9   	200.000000	463.51    	200.000000	216.559   	200.000000	712.699   	200.000000	603.724   	200.000000	725.971   	
210.000000	72684.6   	210.000000	71884.2   	210.000000	72913.2   	210.000000	73124.5   	210.000000	72913.1   	210.000000	501.287   	210.000000	233.996   	210.000000	772.317   	210.000000	653.54    	210.000000	788.616   	
220.000000	78652.7   	220.000000	77768.2   	220.000000	78883.8   	220.000000	79119.4   	220.000000	78883.6   	220.000000	539.893   	220.000000	251.857   	220.000000	833.481   	220.000000	704.677   	220.000000	853.127   	
230.000000	84785.2   	230.000000	83817.1   	230.000000	85022.7   	230.000000	85284.1   	230.000000	85022.7   	230.000000	579.275   	230.000000	270.111   	230.000000	896.121   	230.000000	757.086   	230.000000	919.44    	
240.000000	91077.1   	240.000000	90025.8   	240.000000	91325     	240.000000	91613.2   	240.000000	91325.1   	240.000000	619.385   	240.000000	288.743   	240.000000	960.169   	240.000000	810.719   	240.000000	987.494   	
250.000000	97523.6   	250.000000	96389.2   	250.000000	97785.9   	250.000000	98101.6   	250.000000	97785.7   	250.000000	660.178   	250.000000	307.741   	250.000000	1025.56   	250.000000	865.529   	250.000000	1057.23   	
260.000000	104120    	260.000000	102903    	260.000000	104400    	260.000000	104744    	260.000000	104400    	260.000000	701.611   	260.000000	327.089   	260.000000	1092.24   	260.000000	921.474   	260.000000	1128.59   	
270.000000	110863    	270.000000	109561    	270.000000	111162    	270.000000	111537    	270.000000	111162    	270.000000	743.642   	270.000000	346.777   	270.000000	1160.15   	270.000000	978.511   	270.000000	1201.52   	
280.000000	117747    	280.000000	116361    	280.000000	118069    	280.000000	118474    	280.000000	118069    	280.000000	786.233   	280.000000	366.79    	280.000000	1229.23   	280.000000	1036.6    	280.000000	1275.98   	
290.000000	124769    	290.000000	123297    	290.000000	125115    	290.000000	125553    	290.000000	125115    	290.000000	829.347   	290.000000	387.12    	290.000000	1299.42   	290.000000	1095.7    	290.000000	1351.9    	
300.000000	131924    	300.000000	130367    	300.000000	132297    	300.000000	132768    	300.000000	132298    	300.000000	872.951   	300.000000	407.751   	300.000000	1370.69   	300.000000	1155.78   	300.000000	1429.24   	
310.000000	139210    	310.000000	137565    	310.000000	139611    	310.000000	140115    	310.000000	139611    	310.000000	917.01    	310.000000	428.657   	310.000000	1442.97   	310.000000	1216.81   	310.000000	1507.96   	
320.000000	146623    	320.000000	144888    	320.000000	147052    	320.000000	147591    	320.000000	147053    	320.000000	961.494   	320.000000	449.842   	320.000000	1516.23   	320.000000	1278.74   	320.000000	1588.01   	
330.000000	154159    	330.000000	152332    	330.000000	154618    	330.000000	155193    	330.000000	154619    	330.000000	1006.37   	330.000000	471.299   	330.000000	1590.42   	330.000000	1341.54   	330.000000	1669.34   	
340.000000	161815    	340.000000	159895    	340.000000	162304    	340.000000	162915    	340.000000	162305    	340.000000	1051.62   	340.000000	493.004   	340.000000	1665.49   	340.000000	1405.19   	340.000000	1751.92   	
350.000000	169588    	350.000000	167572    	350.000000	170107    	350.000000	170756    	350.000000	170108    	350.000000	1097.21   	350.000000	514.959   	350.000000	1741.42   	350.000000	1469.66   	350.000000	1835.7    	
360.000000	177475    	360.000000	175361    	360.000000	178024    	360.000000	178711    	360.000000	178025    	360.000000	1143.11   	360.000000	537.163   	360.000000	1818.15   	360.000000	1534.91   	360.000000	1920.64   	
370.000000	185473    	370.000000	183259    	370.000000	186052    	370.000000	186777    	370.000000	186053    	370.000000	1189.31   	370.000000	559.596   	370.000000	1895.65   	370.000000	1600.91   	370.000000	2006.71   	
380.000000	193579    	380.000000	191262    	380.000000	194186    	380.000000	194952    	380.000000	194188    	380.000000	1235.77   	380.000000	582.243   	380.000000	1973.89   	380.000000	1667.65   	380.000000	2093.88   	
390.000000	201791    	390.000000	199367    	390.000000	202426    	390.000000	203232    	390.000000	202427    	390.000000	1282.49   	390.000000	605.102   	390.000000	2052.83   	390.000000	1735.09   	390.000000	2182.1    	
400.000000	210106    	400.000000	207573    	400.000000	210767    	400.000000	211614    	400.000000	210768    	400.000000	1329.43   	400.000000	628.165   	400.000000	2132.44   	400.000000	1803.21   	400.000000	2271.34   	
410.000000	218520    	410.000000	215876    	410.000000	219207    	410.000000	220096    	410.000000	219208    	410.000000	1376.58   	410.000000	651.426   	410.000000	2212.69   	410.000000	1871.99   	410.000000	2361.57   	
420.000000	227033    	420.000000	224273    	420.000000	227743    	420.000000	228675    	420.000000	227745    	420.000000	1423.92   	420.000000	674.88    	420.000000	2293.54   	420.000000	1941.39   	420.000000	2452.75   	
430.000000	235641    	430.000000	232763    	430.000000	236372    	430.000000	237348    	430.000000	236374    	430.000000	1471.43   	430.000000	698.52    	430.000000	2374.97   	430.000000	2011.41   	430.000000	2544.86   	
440.000000	244342    	440.000000	241342    	440.000000	245093    	440.000000	246112    	440.000000	245095    	440.000000	1519.1    	440.000000	722.34    	440.000000	2456.95   	440.000000	2082.02   	440.000000	2637.87   	
450.000000	253134    	450.000000	250009    	450.000000	253902    	450.000000	254966    	450.000000	253904    	450.000000	1566.9    	450.000000	746.336   	450.000000	2539.46   	450.000000	2153.19   	450.000000	2731.74   	
460.000000	262015    	460.000000	258761    	460.000000	262798    	460.000000	263907    	460.000000	262800    	460.000000	1614.84   	460.000000	770.504   	460.000000	2622.47   	460.000000	2224.91   	460.000000	2826.46   	
470.000000	270982    	470.000000	267597    	470.000000	271777    	470.000000	272933    	470.000000	271780    	470.000000	1662.88   	470.000000	794.84    	470.000000	2705.95   	470.000000	2297.16   	470.000000	2921.98   	
480.000000	280034    	480.000000	276513    	480.000000	280839    	480.000000	282041    	480.000000	280841    	480.000000	1711.02   	480.000000	819.336   	480.000000	2789.88   	480.000000	2369.91   	480.000000	3018.29   	
490.000000	289168    	490.000000	285507    	490.000000	289980    	490.000000	291229    	490.000000	289982    	490.000000	1759.25   	490.000000	843.975   	490.000000	2874.23   	490.000000	2443.16   	490.000000	3115.37   	
500.000000	298383    	500.000000	294579    	500.000000	299198    	500.000000	300495    	500.000000	299200    	500.000000	1807.55   	500.000000	868.753   	500.000000	2959      	500.000000	2516.88   	500.000000	3213.17   	
520.000000	317047    	520.000000	312945    	520.000000	317861    	520.000000	319254    	520.000000	317862    	520.000000	1904.33   	520.000000	918.734   	520.000000	3129.66   	520.000000	2665.66   	520.000000	3410.9    	
540.000000	336012    	540.000000	331597    	540.000000	336811    	540.000000	338302    	540.000000	336812    	540.000000	2001.26   	540.000000	969.276   	540.000000	3301.71   	540.000000	2816.15   	540.000000	3611.3    	
560.000000	355263    	560.000000	350520    	560.000000	356032    	560.000000	357626    	560.000000	356033    	560.000000	2098.28   	560.000000	1020.3    	560.000000	3475      	560.000000	2968.2    	560.000000	3814.2    	
580.000000	374787    	580.000000	369701    	580.000000	375513    	580.000000	377210    	580.000000	375514    	580.000000	2195.32   	580.000000	1071.82   	580.000000	3649.39   	580.000000	3121.72   	580.000000	4019.42   	
600.000000	394574    	600.000000	389128    	600.000000	395242    	600.000000	397043    	600.000000	395242    	600.000000	2292.3    	600.000000	1123.8    	600.000000	3824.75   	600.000000	3276.59   	600.000000	4226.84   	
620.000000	414609    	620.000000	408789    	620.000000	415204    	620.000000	417112    	620.000000	415204    	620.000000	2389.19   	620.000000	1176.22   	620.000000	4000.99   	620.000000	3432.72   	620.000000	4436.29   	
640.000000	434884    	640.000000	428674    	640.000000	435389    	640.000000	437406    	640.000000	435390    	640.000000	2485.92   	640.000000	1229.04   	640.000000	4177.97   	640.000000	3590      	640.000000	4647.65   	
660.000000	455386    	660.000000	448772    	660.000000	455787    	660.000000	457914    	660.000000	455788    	660.000000	2582.45   	660.000000	1282.24   	660.000000	4355.62   	660.000000	3748.36   	660.000000	4860.8    	
680.000000	476106    	680.000000	469073    	680.000000	476387    	680.000000	478626    	680.000000	476388    	680.000000	2678.73   	680.000000	1335.8    	680.000000	4533.83   	680.000000	3907.71   	680.000000	5075.6    	
700.000000	497035    	700.000000	489567    	700.000000	497181    	700.000000	499533    	700.000000	497182    	700.000000	2774.74   	700.000000	1389.7    	700.000000	4712.52   	700.000000	4067.97   	700.000000	5291.95   	
720.000000	518162    	720.000000	510246    	720.000000	518159    	720.000000	520626    	720.000000	518160    	720.000000	2870.44   	720.000000	1443.94   	720.000000	4891.61   	720.000000	4229.07   	720.000000	5509.75   	
740.000000	539480    	740.000000	531101    	740.000000	539313    	740.000000	541895    	740.000000	539313    	740.000000	2965.8    	740.000000	1498.5    	740.000000	5071.04   	740.000000	4390.94   	740.000000	5728.89   	
760.000000	560979    	760.000000	552125    	760.000000	560633    	760.000000	563333    	760.000000	560634    	760.000000	3060.8    	760.000000	1553.38   	760.000000	5250.72   	760.000000	4553.51   	760.000000	5949.27   	
780.000000	582652    	780.000000	573310    	780.000000	582112    	780.000000	584932    	780.000000	582114    	780.000000	3155.4    	780.000000	1608.55   	780.000000	5430.6    	780.000000	4716.74   	780.000000	6170.81   	
800.000000	604491    	800.000000	594647    	800.000000	603744    	800.000000	606684    	800.000000	603748    	800.000000	3249.6    	800.000000	1663.99   	800.000000	5610.62   	800.000000	4880.54   	800.000000	6393.43   	
820.000000	626489    	820.000000	616132    	820.000000	625523    	820.000000	628584    	820.000000	625527    	820.000000	3343.37   	820.000000	1719.68   	820.000000	5790.72   	820.000000	5044.89   	820.000000	6617.04   	
840.000000	648638    	840.000000	637756    	840.000000	647439    	840.000000	650621    	840.000000	647442    	840.000000	3436.66   	840.000000	1775.57   	840.000000	5970.83   	840.000000	5209.69   	840.000000	6841.53   	
860.000000	670933    	860.000000	659514    	860.000000	669484    	860.000000	672788    	860.000000	669487    	860.000000	3529.44   	860.000000	1831.67   	860.000000	6150.89   	860.000000	5374.89   	860.000000	7066.81   	
880.000000	693365    	880.000000	681399    	880.000000	691651    	880.000000	695080    	880.000000	691655    	880.000000	3621.7    	880.000000	1888      	880.000000	6330.85   	880.000000	5540.45   	880.000000	7292.83   	
900.000000	715930    	900.000000	703406    	900.000000	713937    	900.000000	717490    	900.000000	713940    	900.000000	3713.44   	900.000000	1944.55   	900.000000	6510.68   	900.000000	5706.33   	900.000000	7519.52   	
920.000000	738621    	920.000000	725529    	920.000000	736335    	920.000000	740013    	920.000000	736339    	920.000000	3804.65   	920.000000	2001.31   	920.000000	6690.35   	920.000000	5872.47   	920.000000	7746.81   	
940.000000	761432    	940.000000	747764    	940.000000	758841    	940.000000	762645    	940.000000	758845    	940.000000	3895.32   	940.000000	2058.28   	940.000000	6869.81   	940.000000	6038.86   	940.000000	7974.65   	
960.000000	784357    	960.000000	770104    	960.000000	781450    	960.000000	785381    	960.000000	781453    	960.000000	3985.45   	960.000000	2115.44   	960.000000	7049.03   	960.000000	6205.44   	960.000000	8202.99   	
980.000000	807393    	980.000000	792546    	980.000000	804159    	980.000000	808215    	980.000000	804161    	980.000000	4075.04   	980.000000	2172.77   	980.000000	7227.99   	980.000000	6372.2    	980.000000	8431.78   	
1000.000000	830532    	1000.000000	815084    	1000.000000	826961    	1000.000000	831145    	1000.000000	826962    	1000.000000	4164.08   	1000.000000	2230.27   	1000.000000	7406.66   	1000.000000	6539.09   	1000.000000	8660.96   	
1020.000000	853772    	1020.000000	837714    	1020.000000	849852    	1020.000000	854164    	1020.000000	849853    	1020.000000	4252.57   	1020.000000	2287.93   	1020.000000	7585.02   	1020.000000	6706.08   	1020.000000	8890.49   	
1040.000000	877105    	1040.000000	860433    	1040.000000	872830    	1040.000000	877271    	1040.000000	872831    	1040.000000	4340.52   	1040.000000	2345.73   	1040.000000	7763.04   	1040.000000	6873.16   	1040.000000	9120.33   	
1060.000000	900529    	1060.000000	883235    	1060.000000	895889    	1060.000000	900461    	1060.000000	895890    	1060.000000	4427.91   	1060.000000	2403.68   	1060.000000	7940.7    	1060.000000	7040.28   	1060.000000	9350.44   	
1080.000000	924039    	1080.000000	906117    	1080.000000	919027    	1080.000000	923730    	1080.000000	919029    	1080.000000	4514.74   	1080.000000	2461.77   	1080.000000	8117.98   	1080.000000	7207.44   	1080.000000	9580.77   	
1100.000000	947629    	1100.000000	929075    	1100.000000	942240    	1100.000000	947075    	1100.000000	942243    	1100.000000	4601.03   	1100.000000	2520.01   	1100.000000	8294.87   	1100.000000	7374.59   	1100.000000	9811.3    	
1120.000000	971298    	1120.000000	952106    	1120.000000	965525    	1120.000000	970492    	1120.000000	965529    	1120.000000	4686.77   	1120.000000	2578.4    	1120.000000	8471.34   	1120.000000	7541.73   	1120.000000	10042     	
1140.000000	995039    	1140.000000	975207    	1140.000000	988880    	1140.000000	993979    	1140.000000	988885    	1140.000000	4771.96   	1140.000000	2636.94   	1140.000000	8647.38   	1140.000000	7708.82   	1140.000000	10272.8   	
1160.000000	1.01885e+06	1160.000000	998373    	1160.000000	1.0123e+06	1160.000000	1.01753e+06	1160.000000	1.01231e+06	1160.000000	4856.6    	1160.000000	2695.63   	1160.000000	8822.98   	1160.000000	7875.85   	1160.000000	10503.7   	
1180.000000	1.04273e+06	1180.000000	1.0216e+06	1180.000000	1.03579e+06	1180.000000	1.04115e+06	1180.000000	1.03579e+06	1180.000000	4940.7    	1180.000000	2754.48   	1180.000000	8998.12   	1180.000000	8042.8    	1180.000000	10734.6   	
1200.000000	1.06667e+06	1200.000000	1.04489e+06	1200.000000	1.05933e+06	1200.000000	1.06483e+06	1200.000000	1.05934e+06	1200.000000	5024.26   	1200.000000	2813.47   	1200.000000	9172.8    	1200.000000	8209.66   	1200.000000	10965.6   	
1220.000000	1.09067e+06	1220.000000	1.06824e+06	1220.000000	1.08294e+06	1220.000000	1.08857e+06	1220.000000	1.08294e+06	1220.000000	5107.27   	1220.000000	2872.61   	1220.000000	9347      	1220.000000	8376.4    	1220.000000	11196.6   	
1240.000000	1.11472e+06	1240.000000	1.09163e+06	1240.000000	1.10659e+06	1240.000000	1.11236e+06	1240.000000	1.1066e+06	1240.000000	5189.75   	1240.000000	2931.88   	1240.000000	9520.71   	1240.000000	8543      	1240.000000	11427.6   	
1260.000000	1.13883e+06	1260.000000	1.11509e+06	1260.000000	1.13031e+06	1260.000000	1.1362e+06	1260.000000	1.13031e+06	1260.000000	5271.7    	1260.000000	2991.28   	1260.000000	9693.92   	1260.000000	8709.46   	1260.000000	11658.5   	
1280.000000	1.16298e+06	1280.000000	1.13858e+06	1280.000000	1.15407e+06	1280.000000	1.1601e+06	1280.000000	1.15407e+06	1280.000000	5353.12   	1280.000000	3050.8    	1280.000000	9866.62   	1280.000000	8875.76   	1280.000000	11889.3   	
1300.000000	1.18718e+06	1300.000000	1.16213e+06	1300.000000	1.17788e+06	1300.000000	1.18405e+06	1300.000000	1.17788e+06	1300.000000	5434.01   	1300.000000	3110.45   	1300.000000	10038.8   	1300.000000	9041.89   	1300.000000	12120.1   	
1320.000000	1.21143e+06	1320.000000	1.18572e+06	1320.000000	1.20174e+06	1320.000000	1.20804e+06	1320.000000	1.20174e+06	1320.000000	5514.37   	1320.000000	3170.21   	1320.000000	10210.5   	1320.000000	9207.83   	1320.000000	12350.8   	
1340.000000	1.23572e+06	1340.000000	1.20935e+06	1340.000000	1.22564e+06	1340.000000	1.23208e+06	1340.000000	1.22564e+06	1340.000000	5594.22   	1340.000000	3230.1    	1340.000000	10381.6   	1340.000000	9373.57   	1340.000000	12581.3   	
1360.000000	1.26004e+06	1360.000000	1.23301e+06	1360.000000	1.24958e+06	1360.000000	1.25616e+06	1360.000000	1.24959e+06	1360.000000	5673.56   	1360.000000	3290.09   	1360.000000	10552.2   	1360.000000	9539.1    	1360.000000	12811.6   	
1380.000000	1.2844e+06	1380.000000	1.25672e+06	1380.000000	1.27357e+06	1380.000000	1.28028e+06	1380.000000	1.27358e+06	1380.000000	5752.38   	1380.000000	3350.2    	1380.000000	10722.3   	1380.000000	9704.4    	1380.000000	13041.8   	
1400.000000	1.30879e+06	1400.000000	1.28046e+06	1400.000000	1.2976e+06	1400.000000	1.30444e+06	1400.000000	1.2976e+06	1400.000000	5830.7    	1400.000000	3410.42   	1400.000000	10891.8   	1400.000000	9869.48   	1400.000000	13271.9   	
1420.000000	1.33322e+06	1420.000000	1.30423e+06	1420.000000	1.32166e+06	1420.000000	1.32864e+06	1420.000000	1.32166e+06	1420.000000	5908.51   	1420.000000	3470.76   	1420.000000	11060.8   	1420.000000	10034.3   	1420.000000	13501.7   	
1440.000000	1.35767e+06	1440.000000	1.32804e+06	1440.000000	1.34576e+06	1440.000000	1.35288e+06	1440.000000	1.34576e+06	1440.000000	5985.83   	1440.000000	3531.2    	1440.000000	11229.3   	1440.000000	10198.9   	1440.000000	13731.3   	
1460.000000	1.38214e+06	1460.000000	1.35187e+06	1460.000000	1.36989e+06	1460.000000	1.37714e+06	1460.000000	1.36989e+06	1460.000000	6062.66   	1460.000000	3591.76   	1460.000000	11397.2   	1460.000000	10363.2   	1460.000000	13960.6   	
1480.000000	1.40664e+06	1480.000000	1.37573e+06	1480.000000	1.39406e+06	1480.000000	1.40145e+06	1480.000000	1.39406e+06	1480.000000	6138.99   	1480.000000	3652.43   	1480.000000	11564.5   	1480.000000	10527.3   	1480.000000	14189.7   	
1500.000000	1.43117e+06	1500.000000	1.39961e+06	1500.000000	1.41825e+06	1500.000000	1.42578e+06	1500.000000	1.41825e+06	1500.000000	6214.85   	1500.000000	3713.21   	1500.000000	11731.3   	1500.000000	10691.1   	1500.000000	14418.6   	
1520.000000	1.45571e+06	1520.000000	1.42352e+06	1520.000000	1.44248e+06	1520.000000	1.45014e+06	1520.000000	1.44248e+06	1520.000000	6290.22   	1520.000000	3774.09   	1520.000000	11897.5   	1520.000000	10854.6   	1520.000000	14647.2   	
1540.000000	1.48027e+06	1540.000000	1.44745e+06	1540.000000	1.46674e+06	1540.000000	1.47453e+06	1540.000000	1.46673e+06	1540.000000	6365.12   	1540.000000	3835.08   	1540.000000	12063.1   	1540.000000	11017.8   	1540.000000	14875.5   	
1560.000000	1.50484e+06	1560.000000	1.4714e+06	1560.000000	1.49102e+06	1560.000000	1.49895e+06	1560.000000	1.49101e+06	1560.000000	6439.55   	1560.000000	3896.18   	1560.000000	12228.2   	1560.000000	11180.7   	1560.000000	15103.5   	
1580.000000	1.52943e+06	1580.000000	1.49536e+06	1580.000000	1.51533e+06	1580.000000	1.5234e+06	1580.000000	1.51532e+06	1580.000000	6513.51   	1580.000000	3957.38   	1580.000000	12392.8   	1580.000000	11343.3   	1580.000000	15331.2   	
1600.000000	1.55403e+06	1600.000000	1.51935e+06	1600.000000	1.53966e+06	1600.000000	1.54787e+06	1600.000000	1.53965e+06	1600.000000	6587.02   	1600.000000	4018.67   	1600.000000	12556.7   	1600.000000	11505.7   	1600.000000	15558.6   	
1620.000000	1.57864e+06	1620.000000	1.54335e+06	1620.000000	1.56401e+06	1620.000000	1.57236e+06	1620.000000	1.56401e+06	1620.000000	6660.06   	1620.000000	4080.06   	1620.000000	12720.1   	1620.000000	11667.7   	1620.000000	15785.7   	
1640.000000	1.60325e+06	1640.000000	1.56736e+06	1640.000000	1.58839e+06	1640.000000	1.59688e+06	1640.000000	1.58839e+06	1640.000000	6732.66   	1640.000000	4141.54   	1640.000000	12883     	1640.000000	11829.3   	1640.000000	16012.5   	
1660.000000	1.62788e+06	1660.000000	1.59139e+06	1660.000000	1.61279e+06	1660.000000	1.62141e+06	1660.000000	1.61279e+06	1660.000000	6804.81   	1660.000000	4203.11   	1660.000000	13045.3   	1660.000000	11990.7   	1660.000000	16238.9   	
1680.000000	1.65251e+06	1680.000000	1.61543e+06	1680.000000	1.63721e+06	1680.000000	1.64597e+06	1680.000000	1.63721e+06	1680.000000	6876.52   	1680.000000	4264.76   	1680.000000	13207     	1680.000000	12151.8   	1680.000000	16464.9   	
1700.000000	1.67714e+06	1700.000000	1.63948e+06	1700.000000	1.66165e+06	1700.000000	1.67055e+06	1700.000000	1.66165e+06	1700.000000	6947.79   	1700.000000	4326.5    	1700.000000	13368.2   	1700.000000	12312.5   	1700.000000	16690.6   	
1750.000000	1.73872e+06	1750.000000	1.69965e+06	1750.000000	1.72282e+06	1750.000000	1.73207e+06	1750.000000	1.72282e+06	1750.000000	7124.08   	1750.000000	4481.23   	1750.000000	13768.6   	1750.000000	12712.8   	1750.000000	17253.3   	
1800.000000	1.8003e+06	1800.000000	1.75985e+06	1800.000000	1.7841e+06	1800.000000	1.7937e+06	1800.000000	1.7841e+06	1800.000000	7297.74   	1800.000000	4636.5    	1800.000000	14165.6   	1800.000000	13111     	1800.000000	17813.5   	
1850.000000	1.86185e+06	1850.000000	1.82008e+06	1850.000000	1.84547e+06	1850.000000	1.85541e+06	1850.000000	1.84547e+06	1850.000000	7468.84   	1850.000000	4792.32   	1850.000000	14559.1   	1850.000000	13507     	1850.000000	18371.4   	
1900.000000	1.92334e+06	1900.000000	1.88031e+06	1900.000000	1.90691e+06	1900.000000	1.9172e+06	1900.000000	1.90692e+06	1900.000000	7637.44   	1900.000000	4948.71   	1900.000000	14949.2   	1900.000000	13900.8   	1900.000000	18926.6   	
1950.000000	1.98477e+06	1950.000000	1.94054e+06	1950.000000	1.96843e+06	1950.000000	1.97906e+06	1950.000000	1.96843e+06	1950.000000	7803.62   	1950.000000	5105.68   	1950.000000	15335.9   	1950.000000	14292.4   	1950.000000	19479.3   	
2000.000000	2.04611e+06	2000.000000	2.00075e+06	2000.000000	2.03e+06  	2000.000000	2.04098e+06	2000.000000	2.03001e+06	2000.000000	7967.44   	2000.000000	5263.23   	2000.000000	15719.2   	2000.000000	14681.8   	2000.000000	20029.4   	
2100.000000	2.16849e+06	2100.000000	2.12107e+06	2100.000000	2.15329e+06	2100.000000	2.16496e+06	2100.000000	2.15329e+06	2100.000000	8288.25   	2100.000000	5580.08   	2100.000000	16475.9   	2100.000000	15453.6   	2100.000000	21121.3   	
2200.000000	2.29036e+06	2200.000000	2.24118e+06	2200.000000	2.2767e+06	2200.000000	2.28906e+06	2200.000000	2.2767e+06	2200.000000	8600.36   	2200.000000	5899.19   	2200.000000	17219.6   	2200.000000	16216.2   	2200.000000	22202.3   	
2300.000000	2.41164e+06	2300.000000	2.361e+06 	2300.000000	2.4002e+06	2300.000000	2.41325e+06	2300.000000	2.4002e+06	2300.000000	8904.23   	2300.000000	6220.49   	2300.000000	17950.6   	2300.000000	16969.7   	2300.000000	23272     	
2400.000000	2.53224e+06	2400.000000	2.48048e+06	2400.000000	2.52374e+06	2400.000000	2.53748e+06	2400.000000	2.52374e+06	2400.000000	9200.3    	2400.000000	6543.89   	2400.000000	18669.4   	2400.000000	17714.1   	2400.000000	24330.4   	
2500.000000	2.6521e+06	2500.000000	2.59955e+06	2500.000000	2.64728e+06	2500.000000	2.66171e+06	2500.000000	2.64728e+06	2500.000000	9488.98   	2500.000000	6869.29   	2500.000000	19376.4   	2500.000000	18449.3   	2500.000000	25377.5   	
2600.000000	2.77116e+06	2600.000000	2.71819e+06	2600.000000	2.77079e+06	2600.000000	2.7859e+06	2600.000000	2.77079e+06	2600.000000	9770.64   	2600.000000	7196.63   	2600.000000	20071.7   	2600.000000	19175.6   	2600.000000	26413.4   	
2700.000000	2.88936e+06	2700.000000	2.83633e+06	2700.000000	2.89424e+06	2700.000000	2.91004e+06	2700.000000	2.89425e+06	2700.000000	10045.6   	2700.000000	7525.9    	2700.000000	20755.9   	2700.000000	19893     	2700.000000	27437.9   	
2800.000000	3.00668e+06	2800.000000	2.95395e+06	2800.000000	3.01763e+06	2800.000000	3.0341e+06	2800.000000	3.01763e+06	2800.000000	10314.3   	2800.000000	7857.08   	2800.000000	21429.3   	2800.000000	20601.6   	2800.000000	28451.4   	
2900.000000	3.12307e+06	2900.000000	3.07102e+06	2900.000000	3.14091e+06	2900.000000	3.15806e+06	2900.000000	3.14091e+06	2900.000000	10577     	2900.000000	8190.2    	2900.000000	22092.2   	2900.000000	21301.7   	2900.000000	29453.8   	
3000.000000	3.2385e+06	3000.000000	3.18752e+06	3000.000000	3.26408e+06	3000.000000	3.2819e+06	3000.000000	3.26408e+06	3000.000000	10833.9   	3000.000000	8525.28   	3000.000000	22745     	3000.000000	21993.3   	3000.000000	30445.4   	
3200.000000	3.4664e+06	3200.000000	3.41871e+06	3200.000000	3.51004e+06	3200.000000	3.52919e+06	3200.000000	3.51003e+06	3200.000000	11331.6   	3200.000000	9201.37   	3200.000000	24021.6   	3200.000000	23351.9   	3200.000000	32396.6   	
3400.000000	3.69025e+06	3400.000000	3.6474e+06	3400.000000	3.7554e+06	3400.000000	3.77589e+06	3400.000000	3.75539e+06	3400.000000	11809.4   	3400.000000	9885.32   	3400.000000	25261.4   	3400.000000	24678.7   	3400.000000	34306.3   	
3600.000000	3.90995e+06	3600.000000	3.87348e+06	3600.000000	4.00012e+06	3600.000000	4.02193e+06	3600.000000	4.00011e+06	3600.000000	12269.1   	3600.000000	10577     	3600.000000	26466.8   	3600.000000	25975.1   	3600.000000	36176.1   	
3800.000000	4.12547e+06	3800.000000	4.0969e+06	3800.000000	4.24415e+06	3800.000000	4.26727e+06	3800.000000	4.24414e+06	3800.000000	12712.1   	3800.000000	11276.2   	3800.000000	27639.9   	3800.000000	27242.4   	3800.000000	38007.5   	
4000.000000	4.33679e+06	4000.000000	4.31763e+06	4000.000000	4.48747e+06	4000.000000	4.5119e+06	4000.000000	4.48746e+06	4000.000000	13139.9   	4000.000000	11982.8   	4000.000000	28782.7   	4000.000000	28481.9   	4000.000000	39801.9   	
4200.000000	4.54392e+06	4200.000000	4.53566e+06	4200.000000	4.73007e+06	4200.000000	4.75579e+06	4200.000000	4.73006e+06	4200.000000	13553.5   	4200.000000	12696.7   	4200.000000	29897     	4200.000000	29694.8   	4200.000000	41560.9   	
4400.000000	4.74691e+06	4400.000000	4.75097e+06	4400.000000	4.97194e+06	4400.000000	4.99894e+06	4400.000000	4.97193e+06	4400.000000	13954.1   	4400.000000	13417.6   	4400.000000	30984.4   	4400.000000	30882.4   	4400.000000	43286     	
4600.000000	4.9458e+06	4600.000000	4.96359e+06	4600.000000	5.21307e+06	4600.000000	5.24134e+06	4600.000000	5.21306e+06	4600.000000	14342.5   	4600.000000	14145.6   	4600.000000	32046.5   	4600.000000	32045.8   	4600.000000	44978.4   	
4800.000000	5.14065e+06	4800.000000	5.17353e+06	4800.000000	5.45348e+06	4800.000000	5.48301e+06	4800.000000	5.45346e+06	4800.000000	14719.7   	4800.000000	14880.5   	4800.000000	33084.5   	4800.000000	33186     	4800.000000	46639.7   	
5000.000000	5.33154e+06	5000.000000	5.38083e+06	5000.000000	5.69316e+06	5000.000000	5.72394e+06	5000.000000	5.69314e+06	5000.000000	15086.5   	5000.000000	15622.3   	5000.000000	34100     	5000.000000	34304     	5000.000000	48270.9   	
5250.000000	5.56468e+06	5250.000000	5.63627e+06	5250.000000	5.99175e+06	5250.000000	6.02408e+06	5250.000000	5.99173e+06	5250.000000	15531.1   	5250.000000	16559     	5250.000000	35339.2   	5250.000000	35671.9   	5250.000000	50269.7   	
5500.000000	5.79192e+06	5500.000000	5.88771e+06	5500.000000	6.28925e+06	5500.000000	6.32311e+06	5500.000000	6.28923e+06	5500.000000	15961.7   	5500.000000	17506.2   	5500.000000	36546.9   	5500.000000	37008.4   	5500.000000	52225.8   	
6000.000000	6.2293e+06	6000.000000	6.37886e+06	6000.000000	6.88105e+06	6000.000000	6.91794e+06	6000.000000	6.88101e+06	6000.000000	16784.5   	6000.000000	19431.7   	6000.000000	38875.7   	6000.000000	39593.7   	6000.000000	56018.1   	
6500.000000	6.64504e+06	6500.000000	6.85496e+06	6500.000000	7.46877e+06	6500.000000	7.50863e+06	6500.000000	7.46871e+06	6500.000000	17562.1   	6500.000000	21397.6   	6500.000000	41099.7   	6500.000000	42071.5   	6500.000000	59663.1   	
7000.000000	7.04049e+06	7000.000000	7.31674e+06	7000.000000	8.0526e+06	7000.000000	8.0954e+06	7000.000000	8.05254e+06	7000.000000	18300.4   	7000.000000	23402.5   	7000.000000	43230.2   	7000.000000	44452.1   	7000.000000	63174     	
7500.000000	7.41695e+06	7500.000000	7.76489e+06	7500.000000	8.63277e+06	7500.000000	8.67846e+06	7500.000000	8.6327e+06	7500.000000	19004     	7500.000000	25445.5   	7500.000000	45276.7   	7500.000000	46744.1   	7500.000000	66562.4   	
8000.000000	7.77566e+06	8000.000000	8.20011e+06	8000.000000	9.20948e+06	8000.000000	9.25802e+06	8000.000000	9.2094e+06	8000.000000	19676.8   	8000.000000	27526.2   	8000.000000	47247.3   	8000.000000	48955.2   	8000.000000	69838.6   	
8500.000000	8.11777e+06	8500.000000	8.62306e+06	8500.000000	9.78291e+06	8500.000000	9.83426e+06	8500.000000	9.78283e+06	8500.000000	20322.1   	8500.000000	29643.5   	8500.000000	49148.9   	8500.000000	51092     	8500.000000	73011.3   	
9000.000000	8.44436e+06	9000.000000	9.03436e+06	9000.000000	1.03533e+07	9000.000000	1.04074e+07	9000.000000	1.03532e+07	9000.000000	20942.7   	9000.000000	31796.9   	9000.000000	50987.4   	9000.000000	53160.3   	9000.000000	76088.5   	
9500.000000	8.75644e+06	9500.000000	9.4346e+06	9500.000000	1.09207e+07	9500.000000	1.09775e+07	9500.000000	1.09206e+07	9500.000000	21540.9   	9500.000000	33985.3   	9500.000000	52768.2   	9500.000000	55165.5   	9500.000000	79077.3   	
10000.000000	9.05493e+06	10000.000000	9.82435e+06	10000.000000	1.14853e+07	10000.000000	1.15449e+07	10000.000000	1.14852e+07	10000.000000	22118.7   	10000.000000	36207.1   	10000.000000	54495.7   	10000.000000	57112.1   	10000.000000	81984     	
11000.000000	9.6145e+06	11000.000000	1.05744e+07	11000.000000	1.26068e+07	11000.000000	1.26717e+07	11000.000000	1.26067e+07	11000.000000	23220     	11000.000000	40746.8   	11000.000000	57806.5   	11000.000000	60845.5   	11000.000000	87572.5   	
12000.000000	1.01291e+07	12000.000000	1.12882e+07	12000.000000	1.37187e+07	12000.000000	1.37889e+07	12000.000000	1.37187e+07	12000.000000	24258     	12000.000000	45414.2   	12000.000000	60946.9   	12000.000000	64388.5   	12000.000000	92892.4   	
13000.000000	1.06041e+07	13000.000000	1.19692e+07	13000.000000	1.4822e+07	13000.000000	1.48973e+07	13000.000000	1.4822e+07	13000.000000	25241.7   	13000.000000	50206.6   	13000.000000	63938.4   	13000.000000	67763.8   	13000.000000	97975.1   	
14000.000000	1.10437e+07	14000.000000	1.26202e+07	14000.000000	1.59173e+07	14000.000000	1.59976e+07	14000.000000	1.59173e+07	14000.000000	26178.2   	14000.000000	55116.7   	14000.000000	66798.6   	14000.000000	70990.3   	14000.000000	102847    	
15000.000000	1.14518e+07	15000.000000	1.32438e+07	15000.000000	1.70054e+07	15000.000000	1.70906e+07	15000.000000	1.70054e+07	15000.000000	27073.2   	15000.000000	60137.3   	15000.000000	69541.8   	15000.000000	74083.6   	15000.000000	107528    	
16000.000000	1.18317e+07	16000.000000	1.38422e+07	16000.000000	1.80868e+07	16000.000000	1.81767e+07	16000.000000	1.80867e+07	16000.000000	27931.4   	16000.000000	65263.9   	16000.000000	72180.2   	16000.000000	77056.9   	16000.000000	112039    	
17000.000000	1.21863e+07	17000.000000	1.44174e+07	17000.000000	1.91619e+07	17000.000000	1.92565e+07	17000.000000	1.91618e+07	17000.000000	28756.7   	17000.000000	70494.2   	17000.000000	74723.8   	17000.000000	79921.5   	17000.000000	116394    	
18000.000000	1.25179e+07	18000.000000	1.49712e+07	18000.000000	2.02312e+07	18000.000000	2.03304e+07	18000.000000	2.02311e+07	18000.000000	29552.3   	18000.000000	75826.9   	18000.000000	77181.3   	18000.000000	82687     	18000.000000	120607    	
19000.000000	1.28288e+07	19000.000000	1.5505e+07	19000.000000	2.12951e+07	19000.000000	2.13988e+07	19000.000000	2.12949e+07	19000.000000	30321.2   	19000.000000	81260.7   	19000.000000	79560.2   	19000.000000	85361.8   	19000.000000	124690    	
20000.000000	1.31209e+07	20000.000000	1.60204e+07	20000.000000	2.23539e+07	20000.000000	2.2462e+07	20000.000000	2.23537e+07	20000.000000	31065.6   	20000.000000	86794.2   	20000.000000	81866.9   	20000.000000	87953.1   	20000.000000	128653    	
21000.000000	1.33957e+07	21000.000000	1.65186e+07	21000.000000	2.34078e+07	21000.000000	2.35204e+07	21000.000000	2.34076e+07	21000.000000	31787.5   	21000.000000	92425.9   	21000.000000	84107.1   	21000.000000	90467.4   	21000.000000	132505    	
22000.000000	1.36549e+07	22000.000000	1.70008e+07	22000.000000	2.44573e+07	22000.000000	2.45742e+07	22000.000000	2.44571e+07	22000.000000	32489     	22000.000000	98153.5   	22000.000000	86285.7   	22000.000000	92910.4   	22000.000000	136255    	
23000.000000	1.38996e+07	23000.000000	1.74679e+07	23000.000000	2.55025e+07	23000.000000	2.56236e+07	23000.000000	2.55023e+07	23000.000000	33171.3   	23000.000000	103972    	23000.000000	88407.1   	23000.000000	95287     	23000.000000	139908    	
24000.000000	1.41311e+07	24000.000000	1.79209e+07	24000.000000	2.65437e+07	24000.000000	2.6669e+07	24000.000000	2.65435e+07	24000.000000	33836.1   	24000.000000	109875    	24000.000000	90475.2   	24000.000000	97601.7   	24000.000000	143472    	
25000.000000	1.43505e+07	25000.000000	1.83606e+07	25000.000000	2.75811e+07	25000.000000	2.77104e+07	25000.000000	2.75809e+07	25000.000000	34484.5   	25000.000000	115860    	25000.000000	92493.5   	25000.000000	99858.6   	25000.000000	146951    	
26000.000000	1.45585e+07	26000.000000	1.87879e+07	26000.000000	2.86148e+07	26000.000000	2.87482e+07	26000.000000	2.86147e+07	26000.000000	35117.6   	26000.000000	121928    	26000.000000	94465.1   	26000.000000	102061    	26000.000000	150352    	
27000.000000	1.47561e+07	27000.000000	1.92033e+07	27000.000000	2.96451e+07	27000.000000	2.97824e+07	27000.000000	2.96449e+07	27000.000000	35736.4   	27000.000000	128077    	27000.000000	96392.8   	27000.000000	104213    	27000.000000	153680    	
28000.000000	1.49441e+07	28000.000000	1.96077e+07	28000.000000	3.06721e+07	28000.000000	3.08132e+07	28000.000000	3.06719e+07	28000.000000	36341.7   	28000.000000	134304    	28000.000000	98279.3   	28000.000000	106316    	28000.000000	156937    	
29000.000000	1.5123e+07	29000.000000	2.00015e+07	29000.000000	3.16959e+07	29000.000000	3.18409e+07	29000.000000	3.16958e+07	29000.000000	36934.5   	29000.000000	140609    	29000.000000	100127    	29000.000000	108375    	29000.000000	160128    	
30000.000000	1.52937e+07	30000.000000	2.03853e+07	30000.000000	3.27167e+07	30000.000000	3.28654e+07	30000.000000	3.27166e+07	30000.000000	37515.3   	30000.000000	146992    	30000.000000	101937    	30000.000000	110390    	30000.000000	163257    	
32000.000000	1.5612e+07	32000.000000	2.1125e+07	32000.000000	3.47498e+07	32000.000000	3.49057e+07	32000.000000	3.47497e+07	32000.000000	38643.9   	32000.000000	159984    	32000.000000	105455    	32000.000000	114301    	32000.000000	169339    	
34000.000000	1.59031e+07	34000.000000	2.18304e+07	34000.000000	3.67722e+07	34000.000000	3.6935e+07	34000.000000	3.67722e+07	34000.000000	39732.2   	34000.000000	173261    	34000.000000	108847    	34000.000000	118065    	34000.000000	175207    	
36000.000000	1.61702e+07	36000.000000	2.25046e+07	36000.000000	3.87848e+07	36000.000000	3.89542e+07	36000.000000	3.87848e+07	36000.000000	40784     	36000.000000	186806    	36000.000000	112124    	36000.000000	121695    	36000.000000	180879    	
38000.000000	1.64162e+07	38000.000000	2.31504e+07	38000.000000	4.07882e+07	38000.000000	4.09639e+07	38000.000000	4.07882e+07	38000.000000	41802.8   	38000.000000	200609    	38000.000000	115296    	38000.000000	125204    	38000.000000	186373    	
40000.000000	1.66433e+07	40000.000000	2.377e+07 	40000.000000	4.27831e+07	40000.000000	4.29647e+07	40000.000000	4.27831e+07	40000.000000	42791.3   	40000.000000	214664    	40000.000000	118372    	40000.000000	128601    	40000.000000	191702    	
42000.000000	1.68537e+07	42000.000000	2.43656e+07	42000.000000	4.47699e+07	42000.000000	4.49572e+07	42000.000000	4.47699e+07	42000.000000	43752     	42000.000000	228966    	42000.000000	121359    	42000.000000	131896    	42000.000000	196880    	
44000.000000	1.7049e+07	44000.000000	2.4939e+07	44000.000000	4.67493e+07	44000.000000	4.69419e+07	44000.000000	4.67493e+07	44000.000000	44687.1   	44000.000000	243507    	44000.000000	124264    	44000.000000	135095    	44000.000000	201918    	
46000.000000	1.72308e+07	46000.000000	2.54919e+07	46000.000000	4.87216e+07	46000.000000	4.89192e+07	46000.000000	4.87216e+07	46000.000000	45598.5   	46000.000000	258283    	46000.000000	127093    	46000.000000	138206    	46000.000000	206825    	
48000.000000	1.74004e+07	48000.000000	2.60257e+07	48000.000000	5.06872e+07	48000.000000	5.08895e+07	48000.000000	5.06872e+07	48000.000000	46488     	48000.000000	273288    	48000.000000	129851    	48000.000000	141235    	48000.000000	211611    	
50000.000000	1.7559e+07	50000.000000	2.65418e+07	50000.000000	5.26465e+07	50000.000000	5.28532e+07	50000.000000	5.26466e+07	50000.000000	47356.9   	50000.000000	288513    	50000.000000	132542    	50000.000000	144187    	50000.000000	216283    	
