! 10Be range in Si
! apply ZOOM for details
Energy (MeV/u)1	0 - [He-base] F.Hubert et al, AD&ND Tables 46(1990)1	Energy (MeV/u)2	1 - [H -base] J.F.Ziegler et al,Pergamon Press,NY(low energy)	Energy (MeV/u)3	2 - ATIMA 1.2 LS-theory (recommended for high energy)	Energy (MeV/u)4	3 - ATIMA 1.2 without LS-correction	Energy (MeV/u)5	4 - ATIMA 1.4 H.Weick, improved mean charge formula for HI	Energy (MeV/u)6	5 - Range straggling - method [0] - LISE	Energy (MeV/u)7	6 - Range straggling - method [1] - Atima	Energy (MeV/u)8	7 - Lateral range - method [0] - LISE	Energy (MeV/u)9	8 - Lateral range - method [1] - Atima	Energy (MeV/u)10	9 - Lateral range - method [2] - PDG	
0.001000	0.0744944 	0.001000	0.0744944 	0.001000	0.0602611 	0.001000	0.0602611 	0.001000	0.0602791 	0.001000	0         	0.001000	0         	0.001000	0.000928277	0.001000	0.00148384	0.001000	0.000698943	
0.002000	0.151479  	0.002000	0.148989  	0.002000	0.120522  	0.002000	0.120522  	0.002000	0.120558  	0.002000	0.00793642	0.002000	0.00793642	0.002000	0.00271846	0.002000	0.00419801	0.002000	0.00212768	
0.005000	0.34865   	0.005000	0.339782  	0.005000	0.272782  	0.005000	0.272782  	0.005000	0.27284   	0.005000	0.00936215	0.005000	0.00936215	0.005000	0.00954877	0.005000	0.0142475 	0.005000	0.00773013	
0.008000	0.5179    	0.008000	0.503557  	0.008000	0.402915  	0.008000	0.402915  	0.008000	0.402983  	0.008000	0.00942118	0.008000	0.00942118	0.008000	0.0174292 	0.008000	0.0255639 	0.008000	0.0143256 	
0.010000	0.620879  	0.010000	0.603206  	0.010000	0.482147  	0.010000	0.482147  	0.010000	0.482218  	0.010000	0.00962856	0.010000	0.00962856	0.010000	0.0229942 	0.010000	0.0334608 	0.010000	0.0190261 	
0.015000	0.854089  	0.015000	0.828873  	0.015000	0.662249  	0.015000	0.662249  	0.015000	0.662326  	0.015000	0.0106979 	0.015000	0.0106979 	0.015000	0.0375258 	0.015000	0.0538588 	0.015000	0.0313991 	
0.020000	1.04718   	0.020000	1.01572   	0.020000	0.817013  	0.020000	0.817013  	0.020000	0.817094  	0.020000	0.011957  	0.020000	0.011957  	0.020000	0.0518226 	0.020000	0.073772  	0.020000	0.0436395 	
0.025000	1.20773   	0.025000	1.17108   	0.025000	0.950989  	0.025000	0.950989  	0.025000	0.951072  	0.025000	0.0130752 	0.025000	0.0130752 	0.025000	0.0654012 	0.025000	0.0926055 	0.025000	0.0552995 	
0.030000	1.34565   	0.030000	1.30453   	0.030000	1.07027   	0.030000	1.07027   	0.030000	1.07035   	0.030000	0.0140364 	0.030000	0.0140364 	0.030000	0.0783777 	0.030000	0.110537  	0.030000	0.0664713 	
0.035000	1.4674    	0.035000	1.42234   	0.035000	1.17909   	0.035000	1.17909   	0.035000	1.17917   	0.035000	0.0148758 	0.035000	0.0148758 	0.035000	0.0909195 	0.035000	0.127806  	0.035000	0.0772955 	
0.040000	1.57719   	0.040000	1.52859   	0.040000	1.27977   	0.040000	1.27977   	0.040000	1.27986   	0.040000	0.0156152 	0.040000	0.0156152 	0.040000	0.103097  	0.040000	0.144522  	0.040000	0.0878278 	
0.045000	1.67794   	0.045000	1.62607   	0.045000	1.37402   	0.045000	1.37402   	0.045000	1.3741    	0.045000	0.0162751 	0.045000	0.0162751 	0.045000	0.114879  	0.045000	0.160648  	0.045000	0.0980375 	
0.050000	1.77175   	0.050000	1.71685   	0.050000	1.46308   	0.050000	1.46308   	0.050000	1.46316   	0.050000	0.0168721 	0.050000	0.016754  	0.050000	0.124661  	0.050000	0.173939  	0.050000	0.106529  	
0.055000	1.86026   	0.055000	1.8025    	0.055000	1.54791   	0.055000	1.54791   	0.055000	1.54799   	0.055000	0.0174194 	0.055000	0.0171255 	0.055000	0.133017  	0.055000	0.185046  	0.055000	0.113797  	
0.060000	1.94459   	0.060000	1.8841    	0.060000	1.62927   	0.060000	1.62927   	0.060000	1.62935   	0.060000	0.0179271 	0.060000	0.017469  	0.060000	0.140298  	0.060000	0.194623  	0.060000	0.120141  	
0.070000	2.1039    	0.070000	2.03826   	0.070000	1.78384   	0.070000	1.78384   	0.070000	1.78393   	0.070000	0.018854  	0.070000	0.0180954 	0.070000	0.152553  	0.070000	0.210466  	0.070000	0.130848  	
0.080000	2.25447   	0.080000	2.18395   	0.080000	1.93035   	0.080000	1.93035   	0.080000	1.93044   	0.080000	0.0196988 	0.080000	0.0186674 	0.080000	0.162759  	0.080000	0.223464  	0.080000	0.139795  	
0.090000	2.39934   	0.090000	2.32414   	0.090000	2.07121   	0.090000	2.07121   	0.090000	2.0713    	0.090000	0.020491  	0.090000	0.0192062 	0.090000	0.171617  	0.090000	0.234638  	0.090000	0.147586  	
0.100000	2.54051   	0.100000	2.46074   	0.100000	2.20811   	0.100000	2.20811   	0.100000	2.2082    	0.100000	0.0212504 	0.100000	0.0197255 	0.100000	0.179484  	0.100000	0.2445    	0.100000	0.154527  	
0.120000	2.81668   	0.120000	2.72798   	0.120000	2.47458   	0.120000	2.47458   	0.120000	2.47467   	0.120000	0.0227207 	0.120000	0.0207406 	0.120000	0.193195  	0.120000	0.261573  	0.120000	0.16668   	
0.140000	3.08936   	0.140000	2.99184   	0.140000	2.73612   	0.140000	2.73612   	0.140000	2.73621   	0.140000	0.0241767 	0.140000	0.0217588 	0.140000	0.205254  	0.140000	0.276458  	0.140000	0.177426  	
0.160000	3.36142   	0.160000	3.2551    	0.160000	2.99628   	0.160000	2.99628   	0.160000	2.99637   	0.160000	0.0256524 	0.160000	0.0228034 	0.160000	0.216289  	0.160000	0.289971  	0.160000	0.187304  	
0.180000	3.63229   	0.180000	3.51721   	0.180000	3.25705   	0.180000	3.25705   	0.180000	3.25714   	0.180000	0.0271644 	0.180000	0.0238858 	0.180000	0.226449  	0.180000	0.30235   	0.180000	0.196441  	
0.200000	3.90272   	0.200000	3.77889   	0.200000	3.51957   	0.200000	3.51957   	0.200000	3.51966   	0.200000	0.0287196 	0.200000	0.0250102 	0.200000	0.236193  	0.200000	0.314128  	0.200000	0.205231  	
0.250000	4.57973   	0.250000	4.43401   	0.250000	4.1869    	0.250000	4.1869    	0.250000	4.18699   	0.250000	0.0328008 	0.250000	0.0280039 	0.250000	0.258838  	0.250000	0.341221  	0.250000	0.225779  	
0.300000	5.26052   	0.300000	5.09278   	0.300000	4.87218   	0.300000	4.87218   	0.300000	4.87226   	0.300000	0.0371264 	0.300000	0.031225  	0.300000	0.28018   	0.300000	0.366329  	0.300000	0.245266  	
0.350000	5.94361   	0.350000	5.75377   	0.350000	5.57399   	0.350000	5.57399   	0.350000	5.57408   	0.350000	0.0416155 	0.350000	0.0346005 	0.350000	0.300458  	0.350000	0.389896  	0.350000	0.26388   	
0.400000	6.6308    	0.400000	6.41873   	0.400000	6.28796   	0.400000	6.28796   	0.400000	6.28804   	0.400000	0.0461615 	0.400000	0.0380379 	0.400000	0.319915  	0.400000	0.412205  	0.400000	0.281817  	
0.450000	7.32128   	0.450000	7.08687   	0.450000	7.01511   	0.450000	7.01511   	0.450000	7.0152    	0.450000	0.0507747 	0.450000	0.0415357 	0.450000	0.338933  	0.450000	0.433734  	0.450000	0.299404  	
0.500000	8.01933   	0.500000	7.76234   	0.500000	7.75637   	0.500000	7.75637   	0.500000	7.75645   	0.500000	0.0554671 	0.500000	0.045096  	0.500000	0.357462  	0.500000	0.454473  	0.500000	0.316601  	
0.600000	9.45107   	0.600000	9.14777   	0.600000	9.2862    	0.600000	9.2862    	0.600000	9.28629   	0.600000	0.0651684 	0.600000	0.0524453 	0.600000	0.393989  	0.600000	0.494905  	0.600000	0.35063   	
0.700000	10.9424   	0.700000	10.5909   	0.700000	10.8813   	0.700000	10.8813   	0.700000	10.8814   	0.700000	0.0753141 	0.700000	0.0600953 	0.700000	0.430055  	0.700000	0.534426  	0.700000	0.384373  	
0.800000	12.5054   	0.800000	12.1033   	0.800000	12.5422   	0.800000	12.5422   	0.800000	12.5423   	0.800000	0.0859089 	0.800000	0.0680324 	0.800000	0.46598   	0.800000	0.573503  	0.800000	0.418095  	
0.900000	14.1461   	0.900000	13.691    	0.900000	14.2696   	0.900000	14.2696   	0.900000	14.2697   	0.900000	0.0969614 	0.900000	0.0762514 	0.900000	0.501944  	0.900000	0.612414  	0.900000	0.451939  	
1.000000	15.8658   	1.000000	15.355    	1.000000	16.0639   	1.000000	16.0639   	1.000000	16.0639   	1.000000	0.108482  	1.000000	0.0847514 	1.000000	0.538099  	1.000000	0.65134   	1.000000	0.486037  	
1.250000	20.5236   	1.250000	19.8622   	1.250000	20.8543   	1.250000	20.8543   	1.250000	20.8544   	1.250000	0.139581  	1.250000	0.10763   	1.250000	0.630063  	1.250000	0.749771  	1.250000	0.573018  	
1.500000	25.7011   	1.500000	24.8722   	1.500000	26.0879   	1.500000	26.0879   	1.500000	26.088    	1.500000	0.174108  	1.500000	0.134036  	1.500000	0.725254  	1.500000	0.85093   	1.500000	0.663339  	
1.750000	31.3839   	1.750000	30.3712   	1.750000	31.7562   	1.750000	31.7562   	1.750000	31.7562   	1.750000	0.211935  	1.750000	0.163289  	1.750000	0.824255  	1.750000	0.955444  	1.750000	0.757483  	
2.000000	37.5734   	2.000000	36.3605   	2.000000	37.8558   	2.000000	37.8558   	2.000000	37.8558   	2.000000	0.253063  	2.000000	0.194911  	2.000000	0.927352  	2.000000	1.06368   	2.000000	0.855694  	
2.250000	44.293    	2.250000	42.8627   	2.250000	44.3856   	2.250000	44.3856   	2.250000	44.3857   	2.250000	0.297529  	2.250000	0.228684  	2.250000	1.01586   	2.250000	1.17594   	2.250000	0.940387  	
2.500000	51.5164   	2.500000	49.8555   	2.500000	51.3449   	2.500000	51.3449   	2.500000	51.345    	2.500000	0.345369  	2.500000	0.26449   	2.500000	1.10789   	2.500000	1.29229   	2.500000	1.02847   	
3.000000	66.8305   	3.000000	65.2397   	3.000000	66.5472   	3.000000	66.5472   	3.000000	66.5472   	3.000000	0.451258  	3.000000	0.341927  	3.000000	1.30791   	3.000000	1.50844   	3.000000	1.21996   	
3.500000	83.9015   	3.500000	82.4088   	3.500000	83.4493   	3.500000	83.4493   	3.500000	83.4494   	3.500000	0.570796  	3.500000	0.426902  	3.500000	1.52883   	3.500000	1.73909   	3.500000	1.43161   	
4.000000	102.702   	4.000000	101.299   	4.000000	102.034   	4.000000	102.034   	4.000000	102.034   	4.000000	0.703931  	4.000000	0.519204  	4.000000	1.7703    	4.000000	1.9892    	4.000000	1.66313   	
4.500000	123.205   	4.500000	121.865   	4.500000	122.28    	4.500000	122.28    	4.500000	122.28    	4.500000	0.850508  	4.500000	0.618571  	4.500000	2.03193   	4.500000	2.25813   	4.500000	1.91421   	
5.000000	145.388   	5.000000	144.073   	5.000000	144.164   	5.000000	144.164   	5.000000	144.164   	5.000000	1.01032   	5.000000	0.724765  	5.000000	2.31336   	5.000000	2.54532   	5.000000	2.18452   	
5.500000	169.226   	5.500000	167.891   	5.500000	167.662   	5.500000	167.662   	5.500000	167.662   	5.500000	1.18314   	5.500000	0.837587  	5.500000	2.61418   	5.500000	2.85022   	5.500000	2.47369   	
6.000000	194.699   	6.000000	193.294   	6.000000	192.75    	6.000000	192.75    	6.000000	192.75    	6.000000	1.36876   	6.000000	0.956851  	6.000000	2.9341    	6.000000	3.1724    	6.000000	2.78145   	
6.500000	221.786   	6.500000	220.255   	6.500000	219.406   	6.500000	219.406   	6.500000	219.406   	6.500000	1.56695   	6.500000	1.08238   	6.500000	3.27274   	6.500000	3.51141   	6.500000	3.10745   	
7.000000	250.469   	7.000000	248.753   	7.000000	247.608   	7.000000	247.608   	7.000000	247.608   	7.000000	1.77751   	7.000000	1.21403   	7.000000	3.62985   	7.000000	3.86689   	7.000000	3.45145   	
7.500000	280.731   	7.500000	278.766   	7.500000	277.337   	7.500000	277.337   	7.500000	277.337   	7.500000	2.00026   	7.500000	1.35164   	7.500000	4.00512   	7.500000	4.23847   	7.500000	3.81316   	
8.000000	312.554   	8.000000	310.276   	8.000000	308.572   	8.000000	308.572   	8.000000	308.572   	8.000000	2.23502   	8.000000	1.49509   	8.000000	4.39831   	8.000000	4.62586   	8.000000	4.19235   	
8.500000	345.923   	8.500000	343.262   	8.500000	341.297   	8.500000	341.297   	8.500000	341.297   	8.500000	2.48163   	8.500000	1.64428   	8.500000	4.80916   	8.500000	5.02876   	8.500000	4.58879   	
9.000000	380.824   	9.000000	377.709   	9.000000	375.494   	9.000000	375.494   	9.000000	375.494   	9.000000	2.73995   	9.000000	1.7991    	9.000000	5.23747   	9.000000	5.4469    	9.000000	5.00228   	
9.500000	417.241   	9.500000	413.6     	9.500000	411.148   	9.500000	411.148   	9.500000	411.147   	9.500000	3.00983   	9.500000	1.95943   	9.500000	5.68302   	9.500000	5.88003   	9.500000	5.43261   	
10.000000	455.162   	10.000000	450.914   	10.000000	448.242   	10.000000	448.242   	10.000000	448.242   	10.000000	3.29115   	10.000000	2.12515   	10.000000	6.14562   	10.000000	6.32793   	10.000000	5.8796    	
11.000000	535.465   	11.000000	529.447   	11.000000	526.767   	11.000000	526.753   	11.000000	526.765   	11.000000	3.88904   	11.000000	2.47327   	11.000000	7.12224   	11.000000	7.26809   	11.000000	6.82385   	
12.000000	621.634   	12.000000	613.577   	12.000000	611.049   	12.000000	610.994   	12.000000	611.042   	12.000000	4.53432   	12.000000	2.84397   	12.000000	8.16732   	12.000000	8.26703   	12.000000	7.83507   	
13.000000	713.581   	13.000000	703.252   	13.000000	701.02    	13.000000	700.902   	13.000000	701.009   	13.000000	5.22653   	13.000000	3.23685   	13.000000	9.28016   	13.000000	9.32382   	13.000000	8.9126    	
14.000000	811.223   	14.000000	798.417   	14.000000	796.623   	14.000000	796.424   	14.000000	796.607   	14.000000	5.96531   	14.000000	3.65146   	14.000000	10.4602   	14.000000	10.4377   	14.000000	10.0559   	
15.000000	914.484   	15.000000	899.022   	15.000000	897.808   	15.000000	897.509   	15.000000	897.787   	15.000000	6.75037   	15.000000	4.08776   	15.000000	11.7069   	15.000000	11.6079   	15.000000	11.2646   	
16.000000	1023.29   	16.000000	1005.01   	16.000000	1004.53   	16.000000	1004.12   	16.000000	1004.5    	16.000000	7.58152   	16.000000	4.54563   	16.000000	13.0199   	16.000000	12.834    	16.000000	12.5383   	
17.000000	1137.57   	17.000000	1116.35   	17.000000	1116.75   	17.000000	1116.21   	17.000000	1116.72   	17.000000	8.45859   	17.000000	5.02473   	17.000000	14.3988   	17.000000	14.1153   	17.000000	13.8766   	
18.000000	1257.27   	18.000000	1232.97   	18.000000	1234.43   	18.000000	1233.76   	18.000000	1234.4    	18.000000	9.38146   	18.000000	5.52486   	18.000000	15.8434   	18.000000	15.4515   	18.000000	15.2794   	
19.000000	1382.31   	19.000000	1354.84   	19.000000	1357.54   	19.000000	1356.73   	19.000000	1357.51   	19.000000	10.35     	19.000000	6.04596   	19.000000	17.3534   	19.000000	16.8422   	19.000000	16.7464   	
20.000000	1512.65   	20.000000	1481.9    	20.000000	1486.06   	20.000000	1485.09   	20.000000	1486.02   	20.000000	11.3643   	20.000000	6.58798   	20.000000	18.9285   	20.000000	18.287    	20.000000	18.2775   	
21.000000	1648.23   	21.000000	1614.13   	21.000000	1619.96   	21.000000	1618.83   	21.000000	1619.92   	21.000000	12.4241   	21.000000	7.15083   	21.000000	20.5686   	21.000000	19.7856   	21.000000	19.8726   	
22.000000	1788.99   	22.000000	1751.47   	22.000000	1759.21   	22.000000	1757.93   	22.000000	1759.17   	22.000000	13.5295   	22.000000	7.73446   	22.000000	22.2736   	22.000000	21.3378   	22.000000	21.5314   	
23.000000	1934.88   	23.000000	1893.88   	23.000000	1903.8    	23.000000	1902.35   	23.000000	1903.75   	23.000000	14.6805   	23.000000	8.33882   	23.000000	24.0433   	23.000000	22.9432   	23.000000	23.254    	
24.000000	2085.86   	24.000000	2041.32   	24.000000	2053.7    	24.000000	2052.09   	24.000000	2053.64   	24.000000	15.877    	24.000000	8.96387   	24.000000	25.8776   	24.000000	24.6017   	24.000000	25.0402   	
25.000000	2241.88   	25.000000	2193.76   	25.000000	2208.89   	25.000000	2207.13   	25.000000	2208.83   	25.000000	17.119    	25.000000	9.60957   	25.000000	27.7763   	25.000000	26.3131   	25.000000	26.89     	
27.000000	2568.84   	27.000000	2513.48   	27.000000	2535.1    	27.000000	2533.03   	27.000000	2535.03   	27.000000	19.7395   	27.000000	10.9627   	27.000000	31.7669   	27.000000	29.8937   	27.000000	30.7801   	
29.000000	2915.42   	29.000000	2852.72   	29.000000	2882.28   	29.000000	2879.95   	29.000000	2882.2    	29.000000	22.5418   	29.000000	12.3981   	29.000000	36.0141   	29.000000	33.6835   	29.000000	34.924    	
31.000000	3281.3    	31.000000	3211.23   	31.000000	3250.12   	31.000000	3247.57   	31.000000	3250.04   	31.000000	25.521    	31.000000	13.913    	31.000000	40.5145   	31.000000	37.6788   	31.000000	39.3184   	
33.000000	3666.18   	33.000000	3588.74   	33.000000	3637.24   	33.000000	3634.58   	33.000000	3637.18   	33.000000	28.6489   	33.000000	15.492    	33.000000	45.2488   	33.000000	41.863    	33.000000	43.9448   	
35.000000	4069.77   	35.000000	3984.99   	35.000000	4043.23   	35.000000	4040.52   	35.000000	4043.18   	35.000000	31.9207   	35.000000	17.1331   	35.000000	50.2106   	35.000000	46.2302   	35.000000	48.7976   	
38.000000	4709.64   	38.000000	4613.98   	38.000000	4687.03   	38.000000	4684.37   	38.000000	4686.97   	38.000000	37.0956   	38.000000	19.7105   	38.000000	58.0727   	38.000000	53.1171   	38.000000	56.4946   	
41.000000	5390.14   	41.000000	5283.81   	41.000000	5371.83   	41.000000	5369.42   	41.000000	5371.81   	41.000000	42.5873   	41.000000	22.4239   	41.000000	66.4278   	41.000000	60.3978   	41.000000	64.684    	
44.000000	6110.46   	44.000000	5993.75   	44.000000	6096.94   	44.000000	6094.9    	44.000000	6096.91   	44.000000	48.3908   	44.000000	25.2726   	44.000000	75.2652   	44.000000	68.0626   	44.000000	73.3565   	
47.000000	6869.86   	47.000000	6743.09   	47.000000	6861.62   	47.000000	6860.09   	47.000000	6861.57   	47.000000	54.5004   	47.000000	28.2519   	47.000000	84.5751   	47.000000	76.1025   	47.000000	82.5035   	
50.000000	7667.61   	50.000000	7531.16   	50.000000	7665.21   	50.000000	7664.32   	50.000000	7665.11   	50.000000	60.9105   	50.000000	31.3598   	50.000000	94.348    	50.000000	84.5092   	50.000000	92.1168   	
55.000000	9080.65   	55.000000	8928.94   	55.000000	9089.13   	55.000000	9089.68   	55.000000	9088.98   	55.000000	72.2462   	55.000000	36.8186   	55.000000	111.641   	55.000000	99.3146   	55.000000	109.154   	
60.000000	10595.5   	60.000000	10429.7   	60.000000	10616.3   	60.000000	10618.9   	60.000000	10616.2   	60.000000	84.3741   	60.000000	42.6173   	60.000000	130.156   	60.000000	115.084   	60.000000	127.432   	
65.000000	12209.6   	65.000000	12030.8   	65.000000	12244.4   	65.000000	12249.2   	65.000000	12244.3   	65.000000	97.2683   	65.000000	48.7406   	65.000000	149.857   	65.000000	131.788   	65.000000	146.919   	
70.000000	13920.4   	70.000000	13729.7   	70.000000	13970.9   	70.000000	13978.3   	70.000000	13970.7   	70.000000	110.904   	70.000000	55.1817   	70.000000	170.71    	70.000000	149.398   	70.000000	167.586   	
75.000000	15725.6   	75.000000	15524     	75.000000	15793.3   	75.000000	15803.8   	75.000000	15793     	75.000000	125.257   	75.000000	61.9285   	75.000000	192.681   	75.000000	167.888   	75.000000	189.405   	
80.000000	17623.1   	80.000000	17411.6   	80.000000	17709.5   	80.000000	17723.5   	80.000000	17709.2   	80.000000	140.304   	80.000000	68.975    	80.000000	215.741   	80.000000	187.233   	80.000000	212.351   	
85.000000	19610.9   	85.000000	19390.2   	85.000000	19717.3   	85.000000	19735.4   	85.000000	19717.1   	85.000000	156.023   	85.000000	76.3073   	85.000000	239.859   	85.000000	207.412   	85.000000	236.398   	
90.000000	21687.1   	90.000000	21457.9   	90.000000	21815.1   	90.000000	21837.4   	90.000000	21814.8   	90.000000	172.392   	90.000000	83.9184   	90.000000	265.009   	90.000000	228.401   	90.000000	261.522   	
95.000000	23849.8   	95.000000	23612.6   	95.000000	24000.7   	95.000000	24027.6   	95.000000	24000.3   	95.000000	189.391   	95.000000	91.8008   	95.000000	291.161   	95.000000	250.181   	95.000000	287.702   	
100.000000	26097.4   	100.000000	25852.5   	100.000000	26272.3   	100.000000	26304.2   	100.000000	26271.9   	100.000000	207       	100.000000	99.9475   	100.000000	318.292   	100.000000	272.732   	100.000000	314.914   	
105.000000	28428.3   	105.000000	28175.8   	105.000000	28628     	105.000000	28665.4   	105.000000	28627.7   	105.000000	225.199   	105.000000	108.352   	105.000000	346.375   	105.000000	296.036   	105.000000	343.139   	
110.000000	30840.9   	110.000000	30580.7   	110.000000	31066.3   	110.000000	31109.6   	110.000000	31066.1   	110.000000	243.97    	110.000000	117.007   	110.000000	375.387   	110.000000	320.074   	110.000000	372.354   	
115.000000	33333.7   	115.000000	33065.6   	115.000000	33585.8   	115.000000	33635.1   	115.000000	33585.4   	115.000000	263.296   	115.000000	125.906   	115.000000	405.304   	115.000000	344.83    	115.000000	402.542   	
120.000000	35905.4   	120.000000	35628.9   	120.000000	36184.5   	120.000000	36240.4   	120.000000	36184.1   	120.000000	283.158   	120.000000	135.037   	120.000000	436.105   	120.000000	370.287   	120.000000	433.682   	
125.000000	38554.5   	125.000000	38268.9   	125.000000	38861     	125.000000	38923.9   	125.000000	38860.7   	125.000000	303.541   	125.000000	144.4     	125.000000	467.766   	125.000000	396.429   	125.000000	465.757   	
130.000000	41279.8   	130.000000	40984.2   	130.000000	41614     	130.000000	41684.2   	130.000000	41613.7   	130.000000	324.428   	130.000000	153.986   	130.000000	500.268   	130.000000	423.241   	130.000000	498.748   	
135.000000	44080     	135.000000	43773.4   	135.000000	44442.1   	135.000000	44519.8   	135.000000	44441.7   	135.000000	345.804   	135.000000	163.791   	135.000000	533.59    	135.000000	450.708   	135.000000	532.638   	
140.000000	46954     	140.000000	46635     	140.000000	47343.6   	140.000000	47429.3   	140.000000	47343.3   	140.000000	367.654   	140.000000	173.813   	140.000000	567.711   	140.000000	478.817   	140.000000	567.41    	
145.000000	49900.6   	145.000000	49567.6   	145.000000	50317.3   	145.000000	50411.4   	145.000000	50317.1   	145.000000	389.962   	145.000000	184.041   	145.000000	602.614   	145.000000	507.553   	145.000000	603.048   	
150.000000	52918.6   	150.000000	52570     	150.000000	53362     	150.000000	53464.8   	150.000000	53361.8   	150.000000	412.715   	150.000000	194.468   	150.000000	638.278   	150.000000	536.903   	150.000000	639.535   	
155.000000	56049.6   	155.000000	55640.8   	155.000000	56476.5   	155.000000	56588.3   	155.000000	56476.3   	155.000000	435.9     	155.000000	205.093   	155.000000	674.687   	155.000000	566.855   	155.000000	676.856   	
160.000000	59248.4   	160.000000	58778.9   	160.000000	59659.4   	160.000000	59780.5   	160.000000	59659.2   	160.000000	459.502   	160.000000	215.91    	160.000000	711.822   	160.000000	597.395   	160.000000	714.996   	
165.000000	62512.5   	165.000000	61982.9   	165.000000	62909.5   	165.000000	63040.3   	165.000000	62909.3   	165.000000	483.51    	165.000000	226.914   	165.000000	749.667   	165.000000	628.513   	165.000000	753.94    	
170.000000	65840.7   	170.000000	65251.7   	170.000000	66225.9   	170.000000	66366.5   	170.000000	66225.6   	170.000000	507.91    	170.000000	238.103   	170.000000	788.205   	170.000000	660.195   	170.000000	793.673   	
175.000000	69231.9   	175.000000	68584.2   	175.000000	69607.2   	175.000000	69758     	175.000000	69606.8   	175.000000	532.691   	175.000000	249.474   	175.000000	827.418   	175.000000	692.43    	175.000000	834.181   	
180.000000	72685     	180.000000	71979.2   	180.000000	73052.2   	180.000000	73213.7   	180.000000	73051.8   	180.000000	557.84    	180.000000	261.016   	180.000000	867.293   	180.000000	725.208   	180.000000	875.451   	
185.000000	76199     	185.000000	75435.7   	185.000000	76559.7   	185.000000	76732.4   	185.000000	76559.6   	185.000000	583.347   	185.000000	272.723   	185.000000	907.813   	185.000000	758.517   	185.000000	917.469   	
190.000000	79772.9   	190.000000	78952.6   	190.000000	80129.1   	190.000000	80313.1   	190.000000	80129     	190.000000	609.2     	190.000000	284.597   	190.000000	948.963   	190.000000	792.348   	190.000000	960.221   	
195.000000	83405.6   	195.000000	82528.9   	195.000000	83759.4   	195.000000	83954.9   	195.000000	83759.2   	195.000000	635.389   	195.000000	296.638   	195.000000	990.73    	195.000000	826.689   	195.000000	1003.7    	
200.000000	87096.3   	200.000000	86163.6   	200.000000	87449.1   	200.000000	87656.6   	200.000000	87449     	200.000000	661.904   	200.000000	308.835   	200.000000	1033.1    	200.000000	861.531   	200.000000	1047.88   	
210.000000	94647.8   	210.000000	93604.2   	210.000000	95003.8   	210.000000	95236     	210.000000	95003.7   	210.000000	715.868   	210.000000	333.69    	210.000000	1119.58   	210.000000	932.678   	210.000000	1138.33   	
220.000000	102420    	220.000000	101267    	220.000000	102786    	220.000000	103044    	220.000000	102786    	220.000000	771.016   	220.000000	359.152   	220.000000	1208.31   	220.000000	1005.71   	220.000000	1231.46   	
230.000000	110406    	230.000000	109144    	230.000000	110788    	230.000000	111073    	230.000000	110787    	230.000000	827.274   	230.000000	385.174   	230.000000	1299.19   	230.000000	1080.57   	230.000000	1327.2    	
240.000000	118600    	240.000000	117230    	240.000000	119003    	240.000000	119315    	240.000000	119002    	240.000000	884.574   	240.000000	411.737   	240.000000	1392.1    	240.000000	1157.17   	240.000000	1425.45   	
250.000000	126996    	250.000000	125517    	250.000000	127424    	250.000000	127766    	250.000000	127423    	250.000000	942.85    	250.000000	438.82    	250.000000	1486.98   	250.000000	1235.46   	250.000000	1526.13   	
260.000000	135587    	260.000000	133999    	260.000000	136044    	260.000000	136417    	260.000000	136044    	260.000000	1002.04   	260.000000	466.406   	260.000000	1583.72   	260.000000	1315.36   	260.000000	1629.15   	
270.000000	144367    	270.000000	142671    	270.000000	144859    	270.000000	145263    	270.000000	144859    	270.000000	1062.09   	270.000000	494.474   	270.000000	1682.24   	270.000000	1396.83   	270.000000	1734.45   	
280.000000	153332    	280.000000	151526    	280.000000	153862    	280.000000	154299    	280.000000	153862    	280.000000	1122.93   	280.000000	523.008   	280.000000	1782.46   	280.000000	1479.8    	280.000000	1841.93   	
290.000000	162477    	290.000000	160560    	290.000000	163046    	290.000000	163517    	290.000000	163047    	290.000000	1184.53   	290.000000	551.994   	290.000000	1884.3    	290.000000	1564.23   	290.000000	1951.54   	
300.000000	171796    	300.000000	169766    	300.000000	172409    	300.000000	172914    	300.000000	172409    	300.000000	1246.82   	300.000000	581.409   	300.000000	1987.7    	300.000000	1650.05   	300.000000	2063.19   	
310.000000	181284    	310.000000	179140    	310.000000	181942    	310.000000	182483    	310.000000	181943    	310.000000	1309.77   	310.000000	611.217   	310.000000	2092.58   	310.000000	1737.21   	310.000000	2176.83   	
320.000000	190938    	320.000000	188676    	320.000000	191642    	320.000000	192219    	320.000000	191643    	320.000000	1373.33   	320.000000	641.421   	320.000000	2198.88   	320.000000	1825.68   	320.000000	2292.39   	
330.000000	200752    	330.000000	198372    	330.000000	201505    	330.000000	202119    	330.000000	201505    	330.000000	1437.45   	330.000000	672.016   	330.000000	2306.52   	330.000000	1915.4    	330.000000	2409.81   	
340.000000	210722    	340.000000	208220    	340.000000	211524    	340.000000	212176    	340.000000	211525    	340.000000	1502.09   	340.000000	702.966   	340.000000	2415.46   	340.000000	2006.32   	340.000000	2529.01   	
350.000000	220845    	350.000000	218219    	350.000000	221696    	350.000000	222387    	350.000000	221697    	350.000000	1567.23   	350.000000	734.252   	350.000000	2525.62   	350.000000	2098.41   	350.000000	2649.96   	
360.000000	231117    	360.000000	228362    	360.000000	232016    	360.000000	232747    	360.000000	232017    	360.000000	1632.81   	360.000000	765.874   	360.000000	2636.96   	360.000000	2191.62   	360.000000	2772.59   	
370.000000	241532    	370.000000	238647    	370.000000	242481    	370.000000	243253    	370.000000	242482    	370.000000	1698.82   	370.000000	797.84    	370.000000	2749.42   	370.000000	2285.91   	370.000000	2896.84   	
380.000000	252089    	380.000000	249070    	380.000000	253085    	380.000000	253899    	380.000000	253087    	380.000000	1765.21   	380.000000	830.136   	380.000000	2862.95   	380.000000	2381.24   	380.000000	3022.67   	
390.000000	262783    	390.000000	259626    	390.000000	263826    	390.000000	264682    	390.000000	263828    	390.000000	1831.95   	390.000000	862.734   	390.000000	2977.49   	390.000000	2477.59   	390.000000	3150.01   	
400.000000	273611    	400.000000	270312    	400.000000	274700    	400.000000	275599    	400.000000	274701    	400.000000	1899.02   	400.000000	895.618   	400.000000	3093.01   	400.000000	2574.9    	400.000000	3278.84   	
410.000000	284570    	410.000000	281125    	410.000000	285703    	410.000000	286645    	410.000000	285704    	410.000000	1966.39   	410.000000	928.784   	410.000000	3209.45   	410.000000	2673.15   	410.000000	3409.09   	
420.000000	295656    	420.000000	292061    	420.000000	296830    	420.000000	297818    	420.000000	296832    	420.000000	2034.03   	420.000000	962.229   	420.000000	3326.78   	420.000000	2772.31   	420.000000	3540.72   	
430.000000	306866    	430.000000	303117    	430.000000	308080    	430.000000	309113    	430.000000	308082    	430.000000	2101.91   	430.000000	995.94    	430.000000	3444.95   	430.000000	2872.34   	430.000000	3673.68   	
440.000000	318197    	440.000000	314290    	440.000000	319449    	440.000000	320527    	440.000000	319450    	440.000000	2170.02   	440.000000	1029.9    	440.000000	3563.92   	440.000000	2973.21   	440.000000	3807.94   	
450.000000	329647    	450.000000	325577    	450.000000	330934    	450.000000	332058    	450.000000	330935    	450.000000	2238.34   	450.000000	1064.09   	450.000000	3683.64   	450.000000	3074.88   	450.000000	3943.45   	
460.000000	341213    	460.000000	336974    	460.000000	342530    	460.000000	343702    	460.000000	342531    	460.000000	2306.83   	460.000000	1098.5    	460.000000	3804.1    	460.000000	3177.35   	460.000000	4080.17   	
470.000000	352891    	470.000000	348480    	470.000000	354236    	470.000000	355456    	470.000000	354238    	470.000000	2375.48   	470.000000	1133.15   	470.000000	3925.24   	470.000000	3280.56   	470.000000	4218.06   	
480.000000	364679    	480.000000	360092    	480.000000	366049    	480.000000	367318    	480.000000	366050    	480.000000	2444.27   	480.000000	1168.03   	480.000000	4047.04   	480.000000	3384.5    	480.000000	4357.08   	
490.000000	376574    	490.000000	371806    	490.000000	377966    	490.000000	379284    	490.000000	377967    	490.000000	2513.18   	490.000000	1203.14   	490.000000	4169.45   	490.000000	3489.15   	490.000000	4497.2    	
500.000000	388575    	500.000000	383620    	500.000000	389984    	500.000000	391351    	500.000000	389985    	500.000000	2582.2    	500.000000	1238.47   	500.000000	4292.46   	500.000000	3594.47   	500.000000	4638.39   	
520.000000	412881    	520.000000	407538    	520.000000	414313    	520.000000	415782    	520.000000	414314    	520.000000	2720.48   	520.000000	1309.71   	520.000000	4540.13   	520.000000	3807.04   	520.000000	4923.8    	
540.000000	437578    	540.000000	431828    	540.000000	439018    	540.000000	440589    	540.000000	439018    	540.000000	2858.99   	540.000000	1381.7    	540.000000	4789.81   	540.000000	4022.04   	540.000000	5213.07   	
560.000000	462649    	560.000000	456472    	560.000000	464077    	560.000000	465754    	560.000000	464077    	560.000000	2997.63   	560.000000	1454.44   	560.000000	5041.28   	560.000000	4239.28   	560.000000	5505.93   	
580.000000	488076    	580.000000	481451    	580.000000	489474    	580.000000	491259    	580.000000	489475    	580.000000	3136.28   	580.000000	1527.88   	580.000000	5294.37   	580.000000	4458.62   	580.000000	5802.16   	
600.000000	513844    	600.000000	506751    	600.000000	515194    	600.000000	517088    	600.000000	515194    	600.000000	3274.87   	600.000000	1601.93   	600.000000	5548.87   	600.000000	4679.89   	600.000000	6101.55   	
620.000000	539937    	620.000000	532356    	620.000000	541219    	620.000000	543224    	620.000000	541219    	620.000000	3413.31   	620.000000	1676.57   	620.000000	5804.63   	620.000000	4902.95   	620.000000	6403.87   	
640.000000	566340    	640.000000	558252    	640.000000	567534    	640.000000	569653    	640.000000	567535    	640.000000	3551.54   	640.000000	1751.79   	640.000000	6061.49   	640.000000	5127.68   	640.000000	6708.95   	
660.000000	593040    	660.000000	584425    	660.000000	594128    	660.000000	596362    	660.000000	594129    	660.000000	3689.47   	660.000000	1827.55   	660.000000	6319.3    	660.000000	5353.93   	660.000000	7016.59   	
680.000000	620024    	680.000000	610863    	680.000000	620987    	680.000000	623336    	680.000000	620986    	680.000000	3827.07   	680.000000	1903.82   	680.000000	6577.94   	680.000000	5581.61   	680.000000	7326.63   	
700.000000	647279    	700.000000	637552    	700.000000	648095    	700.000000	650563    	700.000000	648096    	700.000000	3964.27   	700.000000	1980.59   	700.000000	6837.28   	700.000000	5810.59   	700.000000	7638.9    	
720.000000	674793    	720.000000	664483    	720.000000	675445    	720.000000	678032    	720.000000	675445    	720.000000	4101.02   	720.000000	2057.84   	720.000000	7097.2    	720.000000	6040.77   	720.000000	7953.25   	
740.000000	702555    	740.000000	691643    	740.000000	703024    	740.000000	705731    	740.000000	703024    	740.000000	4237.29   	740.000000	2135.54   	740.000000	7357.6    	740.000000	6272.05   	740.000000	8269.54   	
760.000000	730554    	760.000000	719022    	760.000000	730821    	760.000000	733650    	760.000000	730820    	760.000000	4373.04   	760.000000	2213.68   	760.000000	7618.38   	760.000000	6504.34   	760.000000	8587.62   	
780.000000	758778    	780.000000	746611    	780.000000	758826    	780.000000	761778    	780.000000	758826    	780.000000	4508.23   	780.000000	2292.24   	780.000000	7879.45   	780.000000	6737.56   	780.000000	8907.38   	
800.000000	787219    	800.000000	774399    	800.000000	787030    	800.000000	790107    	800.000000	787030    	800.000000	4642.84   	800.000000	2371.21   	800.000000	8140.72   	800.000000	6971.61   	800.000000	9228.68   	
820.000000	815867    	820.000000	802378    	820.000000	815424    	820.000000	818628    	820.000000	815425    	820.000000	4776.83   	820.000000	2450.58   	820.000000	8402.11   	820.000000	7206.43   	820.000000	9551.4    	
840.000000	844712    	840.000000	830539    	840.000000	843998    	840.000000	847327    	840.000000	843998    	840.000000	4910.14   	840.000000	2530.29   	840.000000	8663.52   	840.000000	7441.91   	840.000000	9875.41   	
860.000000	873746    	860.000000	858874    	860.000000	872739    	860.000000	876195    	860.000000	872739    	860.000000	5042.73   	860.000000	2610.29   	860.000000	8924.85   	860.000000	7677.96   	860.000000	10200.6   	
880.000000	902960    	880.000000	887375    	880.000000	901641    	880.000000	905226    	880.000000	901640    	880.000000	5174.57   	880.000000	2690.56   	880.000000	9186.05   	880.000000	7914.52   	880.000000	10526.8   	
900.000000	932346    	900.000000	916035    	900.000000	930695    	900.000000	934411    	900.000000	930696    	900.000000	5305.67   	900.000000	2771.08   	900.000000	9447.05   	900.000000	8151.53   	900.000000	10853.9   	
920.000000	961896    	920.000000	944847    	920.000000	959897    	920.000000	963743    	920.000000	959898    	920.000000	5436.01   	920.000000	2851.89   	920.000000	9707.81   	920.000000	8388.93   	920.000000	11182     	
940.000000	991603    	940.000000	973802    	940.000000	989240    	940.000000	993217    	940.000000	989241    	940.000000	5565.58   	940.000000	2933      	940.000000	9968.27   	940.000000	8626.68   	940.000000	11510.8   	
960.000000	1.02146e+06	960.000000	1.0029e+06	960.000000	1.01872e+06	960.000000	1.02283e+06	960.000000	1.01872e+06	960.000000	5694.39   	960.000000	3014.39   	960.000000	10228.4   	960.000000	8864.71   	960.000000	11840.3   	
980.000000	1.05146e+06	980.000000	1.03212e+06	980.000000	1.04832e+06	980.000000	1.05256e+06	980.000000	1.04832e+06	980.000000	5822.41   	980.000000	3096.03   	980.000000	10488.1   	980.000000	9102.98   	980.000000	12170.5   	
1000.000000	1.08159e+06	1000.000000	1.06147e+06	1000.000000	1.07805e+06	1000.000000	1.08242e+06	1000.000000	1.07805e+06	1000.000000	5949.65   	1000.000000	3177.92   	1000.000000	10747.5   	1000.000000	9341.44   	1000.000000	12501.3   	
1020.000000	1.11186e+06	1020.000000	1.09094e+06	1020.000000	1.1079e+06	1020.000000	1.1124e+06	1020.000000	1.1079e+06	1020.000000	6076.11   	1020.000000	3260.02   	1020.000000	11006.3   	1020.000000	9580.06   	1020.000000	12832.5   	
1040.000000	1.14224e+06	1040.000000	1.12053e+06	1040.000000	1.13785e+06	1040.000000	1.1425e+06	1040.000000	1.13785e+06	1040.000000	6201.78   	1040.000000	3342.32   	1040.000000	11264.7   	1040.000000	9818.79   	1040.000000	13164.2   	
1060.000000	1.17275e+06	1060.000000	1.15023e+06	1060.000000	1.16792e+06	1060.000000	1.1727e+06	1060.000000	1.16792e+06	1060.000000	6326.66   	1060.000000	3424.83   	1060.000000	11522.6   	1060.000000	10057.6   	1060.000000	13496.3   	
1080.000000	1.20337e+06	1080.000000	1.18003e+06	1080.000000	1.19808e+06	1080.000000	1.203e+06 	1080.000000	1.19809e+06	1080.000000	6450.75   	1080.000000	3507.55   	1080.000000	11779.9   	1080.000000	10296.4   	1080.000000	13828.7   	
1100.000000	1.23409e+06	1100.000000	1.20992e+06	1100.000000	1.22835e+06	1100.000000	1.2334e+06	1100.000000	1.22835e+06	1100.000000	6574.06   	1100.000000	3590.47   	1100.000000	12036.6   	1100.000000	10535.3   	1100.000000	14161.4   	
1120.000000	1.26491e+06	1120.000000	1.23992e+06	1120.000000	1.25871e+06	1120.000000	1.2639e+06	1120.000000	1.25871e+06	1120.000000	6696.58   	1120.000000	3673.61   	1120.000000	12292.7   	1120.000000	10774.1   	1120.000000	14494.3   	
1140.000000	1.29583e+06	1140.000000	1.27e+06  	1140.000000	1.28916e+06	1140.000000	1.29449e+06	1140.000000	1.28916e+06	1140.000000	6818.32   	1140.000000	3756.97   	1140.000000	12548.3   	1140.000000	11012.9   	1140.000000	14827.4   	
1160.000000	1.32684e+06	1160.000000	1.30017e+06	1160.000000	1.3197e+06	1160.000000	1.32516e+06	1160.000000	1.3197e+06	1160.000000	6939.27   	1160.000000	3840.56   	1160.000000	12803.1   	1160.000000	11251.5   	1160.000000	15160.6   	
1180.000000	1.35793e+06	1180.000000	1.33042e+06	1180.000000	1.35032e+06	1180.000000	1.35592e+06	1180.000000	1.35032e+06	1180.000000	7059.45   	1180.000000	3924.37   	1180.000000	13057.3   	1180.000000	11490.1   	1180.000000	15493.9   	
1200.000000	1.38911e+06	1200.000000	1.36075e+06	1200.000000	1.38101e+06	1200.000000	1.38675e+06	1200.000000	1.38102e+06	1200.000000	7178.86   	1200.000000	4008.39   	1200.000000	13310.9   	1200.000000	11728.5   	1200.000000	15827.2   	
1220.000000	1.42036e+06	1220.000000	1.39115e+06	1220.000000	1.41179e+06	1220.000000	1.41767e+06	1220.000000	1.41179e+06	1220.000000	7297.49   	1220.000000	4092.62   	1220.000000	13563.7   	1220.000000	11966.8   	1220.000000	16160.5   	
1240.000000	1.45169e+06	1240.000000	1.42163e+06	1240.000000	1.44263e+06	1240.000000	1.44865e+06	1240.000000	1.44264e+06	1240.000000	7415.35   	1240.000000	4177.03   	1240.000000	13815.8   	1240.000000	12204.8   	1240.000000	16493.8   	
1260.000000	1.48308e+06	1260.000000	1.45217e+06	1260.000000	1.47355e+06	1260.000000	1.47971e+06	1260.000000	1.47355e+06	1260.000000	7532.45   	1260.000000	4261.63   	1260.000000	14067.2   	1260.000000	12442.7   	1260.000000	16827.1   	
1280.000000	1.51454e+06	1280.000000	1.48277e+06	1280.000000	1.50453e+06	1280.000000	1.51083e+06	1280.000000	1.50453e+06	1280.000000	7648.8    	1280.000000	4346.39   	1280.000000	14317.9   	1280.000000	12680.3   	1280.000000	17160.2   	
1300.000000	1.54606e+06	1300.000000	1.51343e+06	1300.000000	1.53557e+06	1300.000000	1.54201e+06	1300.000000	1.53558e+06	1300.000000	7764.39   	1300.000000	4431.32   	1300.000000	14567.8   	1300.000000	12917.7   	1300.000000	17493.2   	
1320.000000	1.57764e+06	1320.000000	1.54415e+06	1320.000000	1.56668e+06	1320.000000	1.57326e+06	1320.000000	1.56668e+06	1320.000000	7879.24   	1320.000000	4516.41   	1320.000000	14817     	1320.000000	13154.8   	1320.000000	17826     	
1340.000000	1.60926e+06	1340.000000	1.57492e+06	1340.000000	1.59784e+06	1340.000000	1.60456e+06	1340.000000	1.59785e+06	1340.000000	7993.34   	1340.000000	4601.67   	1340.000000	15065.4   	1340.000000	13391.6   	1340.000000	18158.7   	
1360.000000	1.64094e+06	1360.000000	1.60575e+06	1360.000000	1.62906e+06	1360.000000	1.63592e+06	1360.000000	1.62907e+06	1360.000000	8106.71   	1360.000000	4687.08   	1360.000000	15313     	1360.000000	13628.2   	1360.000000	18491.1   	
1380.000000	1.67266e+06	1380.000000	1.63662e+06	1380.000000	1.66034e+06	1380.000000	1.66734e+06	1380.000000	1.66034e+06	1380.000000	8219.35   	1380.000000	4772.66   	1380.000000	15559.9   	1380.000000	13864.4   	1380.000000	18823.3   	
1400.000000	1.70443e+06	1400.000000	1.66753e+06	1400.000000	1.69166e+06	1400.000000	1.6988e+06	1400.000000	1.69166e+06	1400.000000	8331.26   	1400.000000	4858.4    	1400.000000	15805.9   	1400.000000	14100.2   	1400.000000	19155.2   	
1420.000000	1.73624e+06	1420.000000	1.69849e+06	1420.000000	1.72303e+06	1420.000000	1.73032e+06	1420.000000	1.72304e+06	1420.000000	8442.46   	1420.000000	4944.3    	1420.000000	16051.2   	1420.000000	14335.8   	1420.000000	19486.8   	
1440.000000	1.76808e+06	1440.000000	1.72949e+06	1440.000000	1.75445e+06	1440.000000	1.76188e+06	1440.000000	1.75445e+06	1440.000000	8552.95   	1440.000000	5030.36   	1440.000000	16295.7   	1440.000000	14571     	1440.000000	19818.2   	
1460.000000	1.79996e+06	1460.000000	1.76053e+06	1460.000000	1.78591e+06	1460.000000	1.79348e+06	1460.000000	1.78592e+06	1460.000000	8662.73   	1460.000000	5116.57   	1460.000000	16539.4   	1460.000000	14805.8   	1460.000000	20149.1   	
1480.000000	1.83186e+06	1480.000000	1.7916e+06	1480.000000	1.81741e+06	1480.000000	1.82513e+06	1480.000000	1.81742e+06	1480.000000	8771.81   	1480.000000	5202.95   	1480.000000	16782.2   	1480.000000	15040.2   	1480.000000	20479.7   	
1500.000000	1.8638e+06	1500.000000	1.8227e+06	1500.000000	1.84896e+06	1500.000000	1.85682e+06	1500.000000	1.84897e+06	1500.000000	8880.21   	1500.000000	5289.48   	1500.000000	17024.3   	1500.000000	15274.2   	1500.000000	20810     	
1520.000000	1.89576e+06	1520.000000	1.85384e+06	1520.000000	1.88054e+06	1520.000000	1.88855e+06	1520.000000	1.88055e+06	1520.000000	8987.91   	1520.000000	5376.17   	1520.000000	17265.5   	1520.000000	15507.9   	1520.000000	21139.8   	
1540.000000	1.92774e+06	1540.000000	1.885e+06 	1540.000000	1.91217e+06	1540.000000	1.92031e+06	1540.000000	1.91218e+06	1540.000000	9094.94   	1540.000000	5463      	1540.000000	17506     	1540.000000	15741.1   	1540.000000	21469.3   	
1560.000000	1.95974e+06	1560.000000	1.91619e+06	1560.000000	1.94382e+06	1560.000000	1.95211e+06	1560.000000	1.94383e+06	1560.000000	9201.3    	1560.000000	5549.98   	1560.000000	17745.6   	1560.000000	15973.9   	1560.000000	21798.3   	
1580.000000	1.99176e+06	1580.000000	1.9474e+06	1580.000000	1.97551e+06	1580.000000	1.98395e+06	1580.000000	1.97553e+06	1580.000000	9306.99   	1580.000000	5637.11   	1580.000000	17984.4   	1580.000000	16206.3   	1580.000000	22126.9   	
1600.000000	2.0238e+06	1600.000000	1.97864e+06	1600.000000	2.00724e+06	1600.000000	2.01581e+06	1600.000000	2.00725e+06	1600.000000	9412.03   	1600.000000	5724.37   	1600.000000	18222.4   	1600.000000	16438.2   	1600.000000	22455     	
1620.000000	2.05585e+06	1620.000000	2.00989e+06	1620.000000	2.03899e+06	1620.000000	2.04771e+06	1620.000000	2.039e+06 	1620.000000	9516.41   	1620.000000	5811.77   	1620.000000	18459.6   	1620.000000	16669.7   	1620.000000	22782.7   	
1640.000000	2.08791e+06	1640.000000	2.04117e+06	1640.000000	2.07078e+06	1640.000000	2.07964e+06	1640.000000	2.07079e+06	1640.000000	9620.15   	1640.000000	5899.3    	1640.000000	18696     	1640.000000	16900.7   	1640.000000	23109.8   	
1660.000000	2.11997e+06	1660.000000	2.07246e+06	1660.000000	2.10259e+06	1660.000000	2.1116e+06	1660.000000	2.1026e+06	1660.000000	9723.25   	1660.000000	5986.95   	1660.000000	18931.5   	1660.000000	17131.3   	1660.000000	23436.5   	
1680.000000	2.15205e+06	1680.000000	2.10377e+06	1680.000000	2.13443e+06	1680.000000	2.14358e+06	1680.000000	2.13444e+06	1680.000000	9825.72   	1680.000000	6074.72   	1680.000000	19166.2   	1680.000000	17361.4   	1680.000000	23762.7   	
1700.000000	2.18413e+06	1700.000000	2.13509e+06	1700.000000	2.16629e+06	1700.000000	2.17558e+06	1700.000000	2.1663e+06	1700.000000	9927.56   	1700.000000	6162.62   	1700.000000	19400.1   	1700.000000	17591.1   	1700.000000	24088.4   	
1750.000000	2.26433e+06	1750.000000	2.21344e+06	1750.000000	2.24605e+06	1750.000000	2.25571e+06	1750.000000	2.24607e+06	1750.000000	10179.5   	1750.000000	6382.89   	1750.000000	19981.4   	1750.000000	18163.1   	1750.000000	24900.2   	
1800.000000	2.34452e+06	1800.000000	2.29184e+06	1800.000000	2.32594e+06	1800.000000	2.33596e+06	1800.000000	2.32596e+06	1800.000000	10427.6   	1800.000000	6603.92   	1800.000000	20557.6   	1800.000000	18732.1   	1800.000000	25708.6   	
1850.000000	2.42467e+06	1850.000000	2.37028e+06	1850.000000	2.40595e+06	1850.000000	2.41633e+06	1850.000000	2.40597e+06	1850.000000	10672.1   	1850.000000	6825.75   	1850.000000	21128.7   	1850.000000	19298     	1850.000000	26513.5   	
1900.000000	2.50476e+06	1900.000000	2.44872e+06	1900.000000	2.48606e+06	1900.000000	2.49681e+06	1900.000000	2.48609e+06	1900.000000	10913     	1900.000000	7048.39   	1900.000000	21694.9   	1900.000000	19860.7   	1900.000000	27314.7   	
1950.000000	2.58476e+06	1950.000000	2.52716e+06	1950.000000	2.56626e+06	1950.000000	2.57737e+06	1950.000000	2.56629e+06	1950.000000	11150.5   	1950.000000	7271.85   	1950.000000	22256.1   	1950.000000	20420.2   	1950.000000	28112.1   	
2000.000000	2.66464e+06	2000.000000	2.60557e+06	2000.000000	2.64654e+06	2000.000000	2.658e+06 	2000.000000	2.64656e+06	2000.000000	11384.6   	2000.000000	7496.14   	2000.000000	22812.5   	2000.000000	20976.6   	2000.000000	28905.7   	
2100.000000	2.82402e+06	2100.000000	2.76226e+06	2100.000000	2.80727e+06	2100.000000	2.81945e+06	2100.000000	2.80729e+06	2100.000000	11843     	2100.000000	7947.17   	2100.000000	23910.7   	2100.000000	22079.4   	2100.000000	30481.2   	
2200.000000	2.98273e+06	2200.000000	2.91867e+06	2200.000000	2.96818e+06	2200.000000	2.98108e+06	2200.000000	2.9682e+06	2200.000000	12289     	2200.000000	8401.41   	2200.000000	24990.2   	2200.000000	23169.2   	2200.000000	32040.7   	
2300.000000	3.14067e+06	2300.000000	3.07472e+06	2300.000000	3.12919e+06	2300.000000	3.14281e+06	2300.000000	3.12922e+06	2300.000000	12723.2   	2300.000000	8858.75   	2300.000000	26051.3   	2300.000000	24245.9   	2300.000000	33584.1   	
2400.000000	3.29773e+06	2400.000000	3.23032e+06	2400.000000	3.29025e+06	2400.000000	3.30459e+06	2400.000000	3.29028e+06	2400.000000	13146.2   	2400.000000	9319.07   	2400.000000	27094.5   	2400.000000	25309.4   	2400.000000	35111.1   	
2500.000000	3.45382e+06	2500.000000	3.38539e+06	2500.000000	3.45131e+06	2500.000000	3.46637e+06	2500.000000	3.45135e+06	2500.000000	13558.7   	2500.000000	9782.29   	2500.000000	28120.5   	2500.000000	26360     	2500.000000	36621.7   	
2600.000000	3.60887e+06	2600.000000	3.53988e+06	2600.000000	3.61233e+06	2600.000000	3.62811e+06	2600.000000	3.61238e+06	2600.000000	13961.2   	2600.000000	10248.3   	2600.000000	29129.8   	2600.000000	27397.8   	2600.000000	38116.1   	
2700.000000	3.76281e+06	2700.000000	3.69374e+06	2700.000000	3.77328e+06	2700.000000	3.78978e+06	2700.000000	3.77333e+06	2700.000000	14354.1   	2700.000000	10717.1   	2700.000000	30122.9   	2700.000000	28422.8   	2700.000000	39594.2   	
2800.000000	3.91559e+06	2800.000000	3.84692e+06	2800.000000	3.93413e+06	2800.000000	3.95134e+06	2800.000000	3.93419e+06	2800.000000	14738     	2800.000000	11188.6   	2800.000000	31100.2   	2800.000000	29435.4   	2800.000000	41056.2   	
2900.000000	4.06716e+06	2900.000000	3.99939e+06	2900.000000	4.09486e+06	2900.000000	4.11277e+06	2900.000000	4.09491e+06	2900.000000	15113.3   	2900.000000	11662.8   	2900.000000	32062.4   	2900.000000	30435.7   	2900.000000	42502.3   	
3000.000000	4.21749e+06	3000.000000	4.1511e+06	3000.000000	4.25544e+06	3000.000000	4.27405e+06	3000.000000	4.25549e+06	3000.000000	15480.3   	3000.000000	12139.6   	3000.000000	33009.8   	3000.000000	31423.9   	3000.000000	43932.7   	
3200.000000	4.51429e+06	3200.000000	4.45218e+06	3200.000000	4.57609e+06	3200.000000	4.5961e+06	3200.000000	4.57615e+06	3200.000000	16191.5   	3200.000000	13101.3   	3200.000000	34862.5   	3200.000000	33365.1   	3200.000000	46747.3   	
3400.000000	4.80581e+06	3400.000000	4.74999e+06	3400.000000	4.89599e+06	3400.000000	4.91737e+06	3400.000000	4.89603e+06	3400.000000	16874.2   	3400.000000	14073.6   	3400.000000	36662     	3400.000000	35261     	3400.000000	49502.2   	
3600.000000	5.09192e+06	3600.000000	5.04442e+06	3600.000000	5.21504e+06	3600.000000	5.23779e+06	3600.000000	5.21508e+06	3600.000000	17531     	3600.000000	15056.6   	3600.000000	38411.4   	3600.000000	37113.3   	3600.000000	52199.2   	
3800.000000	5.37259e+06	3800.000000	5.33539e+06	3800.000000	5.5332e+06	3800.000000	5.5573e+06	3800.000000	5.53323e+06	3800.000000	18163.9   	3800.000000	16050.1   	3800.000000	40114     	3800.000000	38924.1   	3800.000000	54840.8   	
4000.000000	5.64779e+06	4000.000000	5.62284e+06	4000.000000	5.85044e+06	4000.000000	5.87588e+06	4000.000000	5.85045e+06	4000.000000	18775.1   	4000.000000	17054.3   	4000.000000	41772.6   	4000.000000	40695.1   	4000.000000	57429.1   	
4200.000000	5.91754e+06	4200.000000	5.90677e+06	4200.000000	6.16672e+06	4200.000000	6.1935e+06	4200.000000	6.16673e+06	4200.000000	19366     	4200.000000	18069     	4200.000000	43389.8   	4200.000000	42428.2   	4200.000000	59966.2   	
4400.000000	6.18189e+06	4400.000000	6.18718e+06	4400.000000	6.48204e+06	4400.000000	6.51015e+06	4400.000000	6.48205e+06	4400.000000	19938.3   	4400.000000	19094.1   	4400.000000	44967.9   	4400.000000	44125     	4400.000000	62454.3   	
4600.000000	6.4409e+06	4600.000000	6.46407e+06	4600.000000	6.7964e+06	4600.000000	6.82583e+06	4600.000000	6.79641e+06	4600.000000	20493.3   	4600.000000	20129.5   	4600.000000	46509.2   	4600.000000	45787.2   	4600.000000	64895.3   	
4800.000000	6.69466e+06	4800.000000	6.73748e+06	4800.000000	7.10981e+06	4800.000000	7.14055e+06	4800.000000	7.10982e+06	4800.000000	21032.2   	4800.000000	21175     	4800.000000	48015.8   	4800.000000	47416.3   	4800.000000	67291.2   	
5000.000000	6.94325e+06	5000.000000	7.00744e+06	5000.000000	7.42227e+06	5000.000000	7.45432e+06	5000.000000	7.42228e+06	5000.000000	21556.1   	5000.000000	22230.4   	5000.000000	49489.5   	5000.000000	49013.7   	5000.000000	69643.9   	
5250.000000	7.24688e+06	5250.000000	7.34011e+06	5250.000000	7.81152e+06	5250.000000	7.84519e+06	5250.000000	7.81154e+06	5250.000000	22191.4   	5250.000000	23563.5   	5250.000000	51287.9   	5250.000000	50968     	5250.000000	72526.5   	
5500.000000	7.5428e+06	5500.000000	7.66755e+06	5500.000000	8.19934e+06	5500.000000	8.23463e+06	5500.000000	8.19937e+06	5500.000000	22806.4   	5500.000000	24911.6   	5500.000000	53040.7   	5500.000000	52877.5   	5500.000000	75347.5   	
6000.000000	8.11241e+06	6000.000000	8.30718e+06	6000.000000	8.97081e+06	6000.000000	9.00927e+06	6000.000000	8.97086e+06	6000.000000	23981.9   	6000.000000	27652     	6000.000000	56420.2   	6000.000000	56571.2   	6000.000000	80816.5   	
6500.000000	8.65383e+06	6500.000000	8.92721e+06	6500.000000	9.73694e+06	6500.000000	9.77852e+06	6500.000000	9.737e+06 	6500.000000	25092.8   	6500.000000	30449.9   	6500.000000	59647.7   	6500.000000	60111.4   	6500.000000	86072.9   	
7000.000000	9.16882e+06	7000.000000	9.52858e+06	7000.000000	1.0498e+07	7000.000000	1.05427e+07	7000.000000	1.04981e+07	7000.000000	26147.4   	7000.000000	33303.8   	7000.000000	62739.5   	7000.000000	63512.5   	7000.000000	91135.6   	
7500.000000	9.65908e+06	7500.000000	1.01122e+07	7500.000000	1.12543e+07	7500.000000	1.1302e+07	7500.000000	1.12544e+07	7500.000000	27152.5   	7500.000000	36212.2   	7500.000000	65709.4   	7500.000000	66787     	7500.000000	96021.6   	
8000.000000	1.01262e+07	8000.000000	1.0679e+07	8000.000000	1.20061e+07	8000.000000	1.20567e+07	8000.000000	1.20062e+07	8000.000000	28113.6   	8000.000000	39174.2   	8000.000000	68569     	8000.000000	69945.9   	8000.000000	100745    	
8500.000000	1.05718e+07	8500.000000	1.12298e+07	8500.000000	1.27536e+07	8500.000000	1.28072e+07	8500.000000	1.27537e+07	8500.000000	29035.4   	8500.000000	42188.3   	8500.000000	71328.4   	8500.000000	72998.6   	8500.000000	105320    	
9000.000000	1.09971e+07	9000.000000	1.17654e+07	9000.000000	1.3497e+07	9000.000000	1.35536e+07	9000.000000	1.34972e+07	9000.000000	29921.8   	9000.000000	45251.1   	9000.000000	73996.4   	9000.000000	75953.5   	9000.000000	109757    	
9500.000000	1.14035e+07	9500.000000	1.22867e+07	9500.000000	1.42367e+07	9500.000000	1.42961e+07	9500.000000	1.42368e+07	9500.000000	30776.3   	9500.000000	48361.1   	9500.000000	76580.5   	9500.000000	78818.2   	9500.000000	114066    	
10000.000000	1.17922e+07	10000.000000	1.27942e+07	10000.000000	1.49728e+07	10000.000000	1.50349e+07	10000.000000	1.49729e+07	10000.000000	31601.6   	10000.000000	51519.1   	10000.000000	79087.2   	10000.000000	81599.1   	10000.000000	118257    	
11000.000000	1.25209e+07	11000.000000	1.3771e+07	11000.000000	1.64347e+07	11000.000000	1.65024e+07	11000.000000	1.64348e+07	11000.000000	33174.6   	11000.000000	57978     	11000.000000	83891.4   	11000.000000	86932.5   	11000.000000	126314    	
12000.000000	1.31912e+07	12000.000000	1.47007e+07	12000.000000	1.78842e+07	12000.000000	1.79573e+07	12000.000000	1.78843e+07	12000.000000	34657.2   	12000.000000	64618.3   	12000.000000	88448.3   	12000.000000	91993.8   	12000.000000	133983    	
13000.000000	1.38097e+07	13000.000000	1.55875e+07	13000.000000	1.93223e+07	13000.000000	1.94008e+07	13000.000000	1.93224e+07	13000.000000	36062.2   	13000.000000	71432     	13000.000000	92789     	13000.000000	96815.5   	13000.000000	141310    	
14000.000000	1.43822e+07	14000.000000	1.64353e+07	14000.000000	2.07501e+07	14000.000000	2.08338e+07	14000.000000	2.07502e+07	14000.000000	37399.7   	14000.000000	78417.9   	14000.000000	96939.1   	14000.000000	101425    	14000.000000	148332    	
15000.000000	1.49137e+07	15000.000000	1.72474e+07	15000.000000	2.21683e+07	15000.000000	2.22571e+07	15000.000000	2.21685e+07	15000.000000	38677.9   	15000.000000	85575.4   	15000.000000	100919    	15000.000000	105843    	15000.000000	155081    	
16000.000000	1.54085e+07	16000.000000	1.80267e+07	16000.000000	2.35778e+07	16000.000000	2.36716e+07	16000.000000	2.3578e+07	16000.000000	39903.5   	16000.000000	92898.3   	16000.000000	104748    	16000.000000	110091    	16000.000000	161582    	
17000.000000	1.58702e+07	17000.000000	1.87758e+07	17000.000000	2.49792e+07	17000.000000	2.50778e+07	17000.000000	2.49793e+07	17000.000000	41082.1   	17000.000000	100376    	17000.000000	108438    	17000.000000	114182    	17000.000000	167860    	
18000.000000	1.63021e+07	18000.000000	1.94969e+07	18000.000000	2.6373e+07	18000.000000	2.64763e+07	18000.000000	2.6373e+07	18000.000000	42218.4   	18000.000000	108000    	18000.000000	112004    	18000.000000	118133    	18000.000000	173932    	
19000.000000	1.6707e+07	19000.000000	2.01922e+07	19000.000000	2.77597e+07	19000.000000	2.78677e+07	19000.000000	2.77596e+07	19000.000000	43316.3   	19000.000000	115759    	19000.000000	115455    	19000.000000	121953    	19000.000000	179816    	
20000.000000	1.70873e+07	20000.000000	2.08634e+07	20000.000000	2.91397e+07	20000.000000	2.92523e+07	20000.000000	2.91396e+07	20000.000000	44379.3   	20000.000000	123646    	20000.000000	118802    	20000.000000	125655    	20000.000000	185528    	
21000.000000	1.74453e+07	21000.000000	2.15122e+07	21000.000000	3.05134e+07	21000.000000	3.06306e+07	21000.000000	3.05133e+07	21000.000000	45410.3   	21000.000000	131658    	21000.000000	122052    	21000.000000	129246    	21000.000000	191079    	
22000.000000	1.77828e+07	22000.000000	2.21401e+07	22000.000000	3.18813e+07	22000.000000	3.2003e+07	22000.000000	3.18812e+07	22000.000000	46411.8   	22000.000000	139800    	22000.000000	125213    	22000.000000	132735    	22000.000000	196482    	
23000.000000	1.81015e+07	23000.000000	2.27484e+07	23000.000000	3.32435e+07	23000.000000	3.33697e+07	23000.000000	3.32435e+07	23000.000000	47386.2   	23000.000000	148073    	23000.000000	128290    	23000.000000	136130    	23000.000000	201746    	
24000.000000	1.8403e+07	24000.000000	2.33383e+07	24000.000000	3.46005e+07	24000.000000	3.47311e+07	24000.000000	3.46005e+07	24000.000000	48335.4   	24000.000000	156467    	24000.000000	131290    	24000.000000	139436    	24000.000000	206882    	
25000.000000	1.86886e+07	25000.000000	2.3911e+07	25000.000000	3.59525e+07	25000.000000	3.60873e+07	25000.000000	3.59525e+07	25000.000000	49261.2   	25000.000000	164984    	25000.000000	134218    	25000.000000	142659    	25000.000000	211896    	
26000.000000	1.89595e+07	26000.000000	2.44674e+07	26000.000000	3.72998e+07	26000.000000	3.74388e+07	26000.000000	3.72998e+07	26000.000000	50165.1   	26000.000000	173625    	26000.000000	137079    	26000.000000	145805    	26000.000000	216797    	
27000.000000	1.92169e+07	27000.000000	2.50085e+07	27000.000000	3.86425e+07	27000.000000	3.87857e+07	27000.000000	3.86426e+07	27000.000000	51048.5   	27000.000000	182385    	27000.000000	139875    	27000.000000	148878    	27000.000000	221591    	
28000.000000	1.94617e+07	28000.000000	2.55351e+07	28000.000000	3.99809e+07	28000.000000	4.01281e+07	28000.000000	3.9981e+07	28000.000000	51912.8   	28000.000000	191258    	28000.000000	142612    	28000.000000	151882    	28000.000000	226284    	
29000.000000	1.96947e+07	29000.000000	2.60479e+07	29000.000000	4.13152e+07	29000.000000	4.14664e+07	29000.000000	4.13154e+07	29000.000000	52759     	29000.000000	200241    	29000.000000	145291    	29000.000000	154821    	29000.000000	230881    	
30000.000000	1.99169e+07	30000.000000	2.65478e+07	30000.000000	4.26455e+07	30000.000000	4.28006e+07	30000.000000	4.26457e+07	30000.000000	53588.2   	30000.000000	209334    	30000.000000	147918    	30000.000000	157699    	30000.000000	235389    	
32000.000000	2.03315e+07	32000.000000	2.75111e+07	32000.000000	4.5295e+07	32000.000000	4.54577e+07	32000.000000	4.52953e+07	32000.000000	55199.3   	32000.000000	227842    	32000.000000	153021    	32000.000000	163284    	32000.000000	244152    	
34000.000000	2.07106e+07	34000.000000	2.84298e+07	34000.000000	4.79306e+07	34000.000000	4.81005e+07	34000.000000	4.79309e+07	34000.000000	56752.7   	34000.000000	246764    	34000.000000	157940    	34000.000000	168659    	34000.000000	252604    	
36000.000000	2.10585e+07	36000.000000	2.93078e+07	36000.000000	5.05532e+07	36000.000000	5.07301e+07	36000.000000	5.05536e+07	36000.000000	58254     	36000.000000	266080    	36000.000000	162693    	36000.000000	173843    	36000.000000	260775    	
38000.000000	2.13788e+07	38000.000000	3.01487e+07	38000.000000	5.31638e+07	38000.000000	5.33473e+07	38000.000000	5.31642e+07	38000.000000	59708     	38000.000000	285775    	38000.000000	167294    	38000.000000	178854    	38000.000000	268689    	
40000.000000	2.16746e+07	40000.000000	3.09557e+07	40000.000000	5.57632e+07	40000.000000	5.5953e+07	40000.000000	5.57636e+07	40000.000000	61118.7   	40000.000000	305836    	40000.000000	171755    	40000.000000	183705    	40000.000000	276365    	
42000.000000	2.19485e+07	42000.000000	3.17313e+07	42000.000000	5.83521e+07	42000.000000	5.85478e+07	42000.000000	5.83526e+07	42000.000000	62489.6   	42000.000000	326250    	42000.000000	176087    	42000.000000	188408    	42000.000000	283823    	
44000.000000	2.22029e+07	44000.000000	3.24781e+07	44000.000000	6.09311e+07	44000.000000	6.11325e+07	44000.000000	6.09316e+07	44000.000000	63824     	44000.000000	347006    	44000.000000	180300    	44000.000000	192976    	44000.000000	291078    	
46000.000000	2.24397e+07	46000.000000	3.31981e+07	46000.000000	6.35008e+07	46000.000000	6.37076e+07	46000.000000	6.35014e+07	46000.000000	65124.4   	46000.000000	368093    	46000.000000	184402    	46000.000000	197418    	46000.000000	298145    	
48000.000000	2.26606e+07	48000.000000	3.38933e+07	48000.000000	6.60616e+07	48000.000000	6.62735e+07	48000.000000	6.60624e+07	48000.000000	66393.3   	48000.000000	389501    	48000.000000	188401    	48000.000000	201742    	48000.000000	305036    	
50000.000000	2.2867e+07	50000.000000	3.45654e+07	50000.000000	6.86139e+07	50000.000000	6.88308e+07	50000.000000	6.8615e+07	50000.000000	67632.9   	50000.000000	411220    	50000.000000	192303    	50000.000000	205956    	50000.000000	311763    	
