! 7Be range in Si
! apply ZOOM for details
Energy (MeV/u)1	0 - [He-base] F.Hubert et al, AD&ND Tables 46(1990)1	Energy (MeV/u)2	1 - [H -base] J.F.Ziegler et al,Pergamon Press,NY(low energy)	Energy (MeV/u)3	2 - ATIMA 1.2 LS-theory (recommended for high energy)	Energy (MeV/u)4	3 - ATIMA 1.2 without LS-correction	Energy (MeV/u)5	4 - ATIMA 1.4 H.Weick, improved mean charge formula for HI	Energy (MeV/u)6	5 - Range straggling - method [0] - LISE	Energy (MeV/u)7	6 - Range straggling - method [1] - Atima	Energy (MeV/u)8	7 - Lateral range - method [0] - LISE	Energy (MeV/u)9	8 - Lateral range - method [1] - Atima	Energy (MeV/u)10	9 - Lateral range - method [2] - PDG	
0.001000	0.0521966 	0.001000	0.0521966 	0.001000	0.0422237 	0.001000	0.0422237 	0.001000	0.0422363 	0.001000	0         	0.001000	0         	0.001000	0.000534833	0.001000	0.000870234	0.001000	0.000393911	
0.002000	0.106138  	0.002000	0.104393  	0.002000	0.0844474 	0.002000	0.0844474 	0.002000	0.0844726 	0.002000	0.00664331	0.002000	0.00664331	0.002000	0.0015662 	0.002000	0.00246184	0.002000	0.00120253	
0.005000	0.244292  	0.005000	0.238078  	0.005000	0.191133  	0.005000	0.191133  	0.005000	0.191173  	0.005000	0.00783674	0.005000	0.00783674	0.005000	0.00550084	0.005000	0.00835354	0.005000	0.00437952	
0.008000	0.362881  	0.008000	0.352832  	0.008000	0.282314  	0.008000	0.282314  	0.008000	0.282361  	0.008000	0.00788615	0.008000	0.00788615	0.008000	0.0100397 	0.008000	0.014986  	0.008000	0.00812482	
0.010000	0.435037  	0.010000	0.422654  	0.010000	0.33783   	0.010000	0.33783   	0.010000	0.33788   	0.010000	0.00805973	0.010000	0.00805973	0.010000	0.0132446 	0.010000	0.0196133 	0.010000	0.0107956 	
0.015000	0.598442  	0.015000	0.580773  	0.015000	0.464024  	0.015000	0.464024  	0.015000	0.464078  	0.015000	0.0089548 	0.015000	0.0089548 	0.015000	0.0216119 	0.015000	0.0315625 	0.015000	0.0178294 	
0.020000	0.733737  	0.020000	0.711692  	0.020000	0.572464  	0.020000	0.572464  	0.020000	0.57252   	0.020000	0.0100088 	0.020000	0.0100088 	0.020000	0.0298424 	0.020000	0.0432234 	0.020000	0.0247897 	
0.025000	0.846233  	0.025000	0.820549  	0.025000	0.666338  	0.025000	0.666338  	0.025000	0.666396  	0.025000	0.0109448 	0.025000	0.0109448 	0.025000	0.037658  	0.025000	0.0542487 	0.025000	0.0314206 	
0.030000	0.942867  	0.030000	0.914057  	0.030000	0.749912  	0.030000	0.749912  	0.030000	0.749971  	0.030000	0.0117494 	0.030000	0.0117494 	0.030000	0.0451258 	0.030000	0.0647431 	0.030000	0.0377744 	
0.035000	1.02817   	0.035000	0.996605  	0.035000	0.82616   	0.035000	0.82616   	0.035000	0.826219  	0.035000	0.012452  	0.035000	0.012452  	0.035000	0.0523425 	0.035000	0.0748472 	0.035000	0.043931  	
0.040000	1.1051    	0.040000	1.07105   	0.040000	0.89671   	0.040000	0.89671   	0.040000	0.89677   	0.040000	0.013071  	0.040000	0.013071  	0.040000	0.0593487 	0.040000	0.0846254 	0.040000	0.0499219 	
0.045000	1.1757    	0.045000	1.13936   	0.045000	0.962745  	0.045000	0.962745  	0.045000	0.962805  	0.045000	0.0136233 	0.045000	0.0136233 	0.045000	0.0661851 	0.045000	0.0941385 	0.045000	0.05578   	
0.050000	1.24143   	0.050000	1.20296   	0.050000	1.02515   	0.050000	1.02515   	0.050000	1.02521   	0.050000	0.0141231 	0.050000	0.0140242 	0.050000	0.0728869 	0.050000	0.103438  	0.050000	0.0615339 	
0.055000	1.30344   	0.055000	1.26297   	0.055000	1.08459   	0.055000	1.08459   	0.055000	1.08465   	0.055000	0.0145812 	0.055000	0.0143351 	0.055000	0.0794851 	0.055000	0.11257   	0.055000	0.0672095 	
0.060000	1.36253   	0.060000	1.32015   	0.060000	1.14159   	0.060000	1.14159   	0.060000	1.14165   	0.060000	0.0150062 	0.060000	0.0146227 	0.060000	0.0860066 	0.060000	0.121573  	0.060000	0.0728291 	
0.070000	1.47416   	0.070000	1.42816   	0.070000	1.2499    	0.070000	1.2499    	0.070000	1.24996   	0.070000	0.015782  	0.070000	0.015147  	0.070000	0.0977574 	0.070000	0.137733  	0.070000	0.0829803 	
0.080000	1.57966   	0.080000	1.53025   	0.080000	1.35256   	0.080000	1.35256   	0.080000	1.35262   	0.080000	0.0164892 	0.080000	0.0156258 	0.080000	0.107115  	0.080000	0.150534  	0.080000	0.0910919 	
0.090000	1.68117   	0.090000	1.62848   	0.090000	1.45125   	0.090000	1.45125   	0.090000	1.45131   	0.090000	0.0171523 	0.090000	0.0160768 	0.090000	0.114976  	0.090000	0.161229  	0.090000	0.0979301 	
0.100000	1.78008   	0.100000	1.72419   	0.100000	1.54718   	0.100000	1.54718   	0.100000	1.54724   	0.100000	0.017788  	0.100000	0.0165116 	0.100000	0.121891  	0.100000	0.170588  	0.100000	0.103964  	
0.120000	1.97359   	0.120000	1.91144   	0.120000	1.73389   	0.120000	1.73389   	0.120000	1.73395   	0.120000	0.0190187 	0.120000	0.0173612 	0.120000	0.133856  	0.120000	0.18648   	0.120000	0.11445   	
0.140000	2.16465   	0.140000	2.09632   	0.140000	1.91714   	0.140000	1.91714   	0.140000	1.91721   	0.140000	0.0202375 	0.140000	0.0182135 	0.140000	0.144115  	0.140000	0.199783  	0.140000	0.123493  	
0.160000	2.35528   	0.160000	2.28078   	0.160000	2.09943   	0.160000	2.09943   	0.160000	2.09949   	0.160000	0.0214728 	0.160000	0.019088  	0.160000	0.153323  	0.160000	0.2116    	0.160000	0.13165   	
0.180000	2.54507   	0.180000	2.46443   	0.180000	2.28215   	0.180000	2.28215   	0.180000	2.28221   	0.180000	0.0227384 	0.180000	0.0199939 	0.180000	0.161937  	0.180000	0.22255   	0.180000	0.139311  	
0.200000	2.73455   	0.200000	2.64779   	0.200000	2.46609   	0.200000	2.46609   	0.200000	2.46615   	0.200000	0.0240402 	0.200000	0.0209352 	0.200000	0.169955  	0.200000	0.232664  	0.200000	0.146472  	
0.250000	3.20892   	0.250000	3.10681   	0.250000	2.93367   	0.250000	2.93367   	0.250000	2.93373   	0.250000	0.0274564 	0.250000	0.0234411 	0.250000	0.188708  	0.250000	0.256028  	0.250000	0.163309  	
0.300000	3.68594   	0.300000	3.5684    	0.300000	3.41383   	0.300000	3.41383   	0.300000	3.41389   	0.300000	0.0310772 	0.300000	0.0261374 	0.300000	0.206103  	0.300000	0.277375  	0.300000	0.179033  	
0.350000	4.16456   	0.350000	4.03154   	0.350000	3.90558   	0.350000	3.90558   	0.350000	3.90564   	0.350000	0.0348349 	0.350000	0.0289629 	0.350000	0.222627  	0.350000	0.297425  	0.350000	0.194045  	
0.400000	4.64606   	0.400000	4.49747   	0.400000	4.40584   	0.400000	4.40584   	0.400000	4.4059    	0.400000	0.0386402 	0.400000	0.0318402 	0.400000	0.238469  	0.400000	0.316453  	0.400000	0.208495  	
0.450000	5.12987   	0.450000	4.96562   	0.450000	4.91534   	0.450000	4.91534   	0.450000	4.9154    	0.450000	0.0425018 	0.450000	0.0347681 	0.450000	0.253729  	0.450000	0.334631  	0.450000	0.22247   	
0.500000	5.61897   	0.500000	5.43891   	0.500000	5.43472   	0.500000	5.43472   	0.500000	5.43478   	0.500000	0.0464296 	0.500000	0.0377483 	0.500000	0.268708  	0.500000	0.352326  	0.500000	0.236226  	
0.600000	6.62216   	0.600000	6.40965   	0.600000	6.50665   	0.600000	6.50665   	0.600000	6.50671   	0.600000	0.0545502 	0.600000	0.0439001 	0.600000	0.297897  	0.600000	0.38648   	0.600000	0.26315   	
0.700000	7.66711   	0.700000	7.4208    	0.700000	7.62428   	0.700000	7.62428   	0.700000	7.62434   	0.700000	0.0630429 	0.700000	0.0503037 	0.700000	0.326642  	0.700000	0.419747  	0.700000	0.289782  	
0.800000	8.76225   	0.800000	8.48052   	0.800000	8.78809   	0.800000	8.78809   	0.800000	8.78815   	0.800000	0.0719114 	0.800000	0.0569476 	0.800000	0.355175  	0.800000	0.452486  	0.800000	0.316312  	
0.900000	9.9119    	0.900000	9.59297   	0.900000	9.99844   	0.900000	9.99844   	0.900000	9.99849   	0.900000	0.081163  	0.900000	0.0638274 	0.900000	0.383648  	0.900000	0.484939  	0.900000	0.342866  	
1.000000	11.1168   	1.000000	10.7589   	1.000000	11.2556   	1.000000	11.2556   	1.000000	11.2557   	1.000000	0.0908062 	1.000000	0.0709425 	1.000000	0.412255  	1.000000	0.517335  	1.000000	0.369609  	
1.250000	14.3805   	1.250000	13.917    	1.250000	14.6122   	1.250000	14.6122   	1.250000	14.6122   	1.250000	0.116838  	1.250000	0.0900931 	1.250000	0.484945  	1.250000	0.598937  	1.250000	0.437797  	
1.500000	18.0082   	1.500000	17.4274   	1.500000	18.2793   	1.500000	18.2793   	1.500000	18.2793   	1.500000	0.14574   	1.500000	0.112197  	1.500000	0.560183  	1.500000	0.682484  	1.500000	0.508647  	
1.750000	21.99     	1.750000	21.2804   	1.750000	22.2509   	1.750000	22.2509   	1.750000	22.2509   	1.750000	0.177404  	1.750000	0.136683  	1.750000	0.638341  	1.750000	0.7685    	1.750000	0.582467  	
2.000000	26.3269   	2.000000	25.477    	2.000000	26.5247   	2.000000	26.5247   	2.000000	26.5248   	2.000000	0.211831  	2.000000	0.163154  	2.000000	0.719727  	2.000000	0.85737   	2.000000	0.659517  	
2.250000	31.0352   	2.250000	30.033    	2.250000	31.1      	2.250000	31.1      	2.250000	31.1001   	2.250000	0.249051  	2.250000	0.191424  	2.250000	0.804591  	2.250000	0.949365  	2.250000	0.740013  	
2.500000	36.0965   	2.500000	34.9327   	2.500000	35.9763   	2.500000	35.9763   	2.500000	35.9764   	2.500000	0.289097  	2.500000	0.221395  	2.500000	0.893039  	2.500000	1.04466   	2.500000	0.82405   	
3.000000	46.8267   	3.000000	45.7121   	3.000000	46.6282   	3.000000	46.6282   	3.000000	46.6282   	3.000000	0.377732  	3.000000	0.286215  	3.000000	1.07599   	3.000000	1.24569   	3.000000	0.998315  	
3.500000	58.788    	3.500000	57.7421   	3.500000	58.4712   	3.500000	58.4712   	3.500000	58.4712   	3.500000	0.477794  	3.500000	0.357345  	3.500000	1.25759   	3.500000	1.45657   	3.500000	1.17187   	
4.000000	71.961    	4.000000	70.978    	4.000000	71.4932   	4.000000	71.4932   	4.000000	71.4932   	4.000000	0.589237  	4.000000	0.434608  	4.000000	1.45611   	4.000000	1.66582   	4.000000	1.36178   	
4.500000	86.3274   	4.500000	85.3885   	4.500000	85.6791   	4.500000	85.6791   	4.500000	85.6791   	4.500000	0.711931  	4.500000	0.517785  	4.500000	1.67122   	4.500000	1.89087   	4.500000	1.56778   	
5.000000	101.87    	5.000000	100.949   	5.000000	101.013   	5.000000	101.013   	5.000000	101.013   	5.000000	0.845703  	5.000000	0.606676  	5.000000	1.90263   	5.000000	2.13122   	5.000000	1.78961   	
5.500000	118.573   	5.500000	117.638   	5.500000	117.477   	5.500000	117.477   	5.500000	117.477   	5.500000	0.990368  	5.500000	0.701115  	5.500000	2.14998   	5.500000	2.3864    	5.500000	2.02695   	
6.000000	136.421   	6.000000	135.437   	6.000000	135.056   	6.000000	135.056   	6.000000	135.056   	6.000000	1.14574   	6.000000	0.800947  	6.000000	2.41305   	6.000000	2.65606   	6.000000	2.27959   	
6.500000	155.401   	6.500000	154.328   	6.500000	153.733   	6.500000	153.733   	6.500000	153.733   	6.500000	1.31164   	6.500000	0.906027  	6.500000	2.69152   	6.500000	2.93981   	6.500000	2.54725   	
7.000000	175.498   	7.000000	174.296   	7.000000	173.494   	7.000000	173.494   	7.000000	173.494   	7.000000	1.48789   	7.000000	1.01622   	7.000000	2.98517   	7.000000	3.23736   	7.000000	2.82971   	
7.500000	196.702   	7.500000	195.326   	7.500000	194.324   	7.500000	194.324   	7.500000	194.324   	7.500000	1.67435   	7.500000	1.13141   	7.500000	3.29376   	7.500000	3.5484    	7.500000	3.12676   	
8.000000	219       	8.000000	217.404   	8.000000	216.21    	8.000000	216.21    	8.000000	216.21    	8.000000	1.87086   	8.000000	1.25149   	8.000000	3.61708   	8.000000	3.87266   	8.000000	3.4382    	
8.500000	242.381   	8.500000	240.517   	8.500000	239.14    	8.500000	239.14    	8.500000	239.14    	8.500000	2.07729   	8.500000	1.37637   	8.500000	3.95494   	8.500000	4.20991   	8.500000	3.76384   	
9.000000	266.835   	9.000000	264.653   	9.000000	263.101   	9.000000	263.101   	9.000000	263.101   	9.000000	2.29352   	9.000000	1.50597   	9.000000	4.30715   	9.000000	4.55992   	9.000000	4.10351   	
9.500000	292.352   	9.500000	289.801   	9.500000	288.082   	9.500000	288.082   	9.500000	288.082   	9.500000	2.51942   	9.500000	1.64017   	9.500000	4.67354   	9.500000	4.92249   	9.500000	4.45705   	
10.000000	318.923   	10.000000	315.946   	10.000000	314.074   	10.000000	314.074   	10.000000	314.074   	10.000000	2.75491   	10.000000	1.77889   	10.000000	5.05395   	10.000000	5.29741   	10.000000	4.82431   	
11.000000	375.189   	11.000000	370.972   	11.000000	369.095   	11.000000	369.084   	11.000000	369.093   	11.000000	3.25538   	11.000000	2.07029   	11.000000	5.85705   	11.000000	6.0844    	11.000000	5.60023   	
12.000000	435.566   	12.000000	429.921   	12.000000	428.149   	12.000000	428.11    	12.000000	428.145   	12.000000	3.79553   	12.000000	2.38059   	12.000000	6.71645   	12.000000	6.9206    	12.000000	6.4313    	
13.000000	499.991   	13.000000	492.754   	13.000000	491.19    	13.000000	491.108   	13.000000	491.182   	13.000000	4.37495   	13.000000	2.70945   	13.000000	7.63158   	13.000000	7.80523   	13.000000	7.31699   	
14.000000	568.407   	14.000000	559.434   	14.000000	558.177   	14.000000	558.037   	14.000000	558.166   	14.000000	4.99335   	14.000000	3.05651   	14.000000	8.60195   	14.000000	8.73763   	14.000000	8.25687   	
15.000000	640.759   	15.000000	629.926   	15.000000	629.075   	15.000000	628.866   	15.000000	629.06    	15.000000	5.65051   	15.000000	3.42172   	15.000000	9.62717   	15.000000	9.71723   	15.000000	9.25059   	
16.000000	716.997   	16.000000	704.192   	16.000000	703.853   	16.000000	703.564   	16.000000	703.835   	16.000000	6.34623   	16.000000	3.80499   	16.000000	10.7069   	16.000000	10.7436   	16.000000	10.2979   	
17.000000	797.072   	17.000000	782.2     	17.000000	782.483   	17.000000	782.105   	17.000000	782.462   	17.000000	7.08039   	17.000000	4.20603   	17.000000	11.8408   	17.000000	11.8162   	17.000000	11.3984   	
18.000000	880.94    	18.000000	863.915   	18.000000	864.938   	18.000000	864.467   	18.000000	864.917   	18.000000	7.8529    	18.000000	4.62467   	18.000000	13.0288   	18.000000	12.9347   	18.000000	12.5521   	
19.000000	968.558   	19.000000	949.306   	19.000000	951.199   	19.000000	950.629   	19.000000	951.178   	19.000000	8.66366   	19.000000	5.06087   	19.000000	14.2705   	19.000000	14.0988   	19.000000	13.7586   	
20.000000	1059.88   	20.000000	1038.34   	20.000000	1041.25   	20.000000	1040.57   	20.000000	1041.23   	20.000000	9.51265   	20.000000	5.51457   	20.000000	15.5657   	20.000000	15.3082   	20.000000	15.018    	
21.000000	1154.88   	21.000000	1130.99   	21.000000	1135.07   	21.000000	1134.28   	21.000000	1135.04   	21.000000	10.3998   	21.000000	5.98572   	21.000000	16.9145   	21.000000	16.5627   	21.000000	16.3301   	
22.000000	1253.51   	22.000000	1227.22   	22.000000	1232.64   	22.000000	1231.74   	22.000000	1232.61   	22.000000	11.3251   	22.000000	6.47425   	22.000000	18.3166   	22.000000	17.862    	22.000000	17.6947   	
23.000000	1355.73   	23.000000	1327      	23.000000	1333.95   	23.000000	1332.94   	23.000000	1333.92   	23.000000	12.2885   	23.000000	6.98014   	23.000000	19.7718   	23.000000	19.2059   	23.000000	19.1119   	
24.000000	1461.52   	24.000000	1430.31   	24.000000	1438.98   	24.000000	1437.86   	24.000000	1438.94   	24.000000	13.2901   	24.000000	7.50334   	24.000000	21.2802   	24.000000	20.5942   	24.000000	20.5816   	
25.000000	1570.84   	25.000000	1537.12   	25.000000	1547.72   	25.000000	1546.49   	25.000000	1547.68   	25.000000	14.3297   	25.000000	8.04384   	25.000000	22.8416   	25.000000	22.0268   	25.000000	22.1036   	
27.000000	1799.93   	27.000000	1761.14   	27.000000	1776.29   	27.000000	1774.84   	27.000000	1776.24   	27.000000	16.5232   	27.000000	9.17653   	27.000000	26.1232   	27.000000	25.0241   	27.000000	25.3048   	
29.000000	2042.77   	29.000000	1998.84   	29.000000	2019.55   	29.000000	2017.92   	29.000000	2019.5    	29.000000	18.8689   	29.000000	10.378    	29.000000	29.6159   	29.000000	28.1965   	29.000000	28.7151   	
31.000000	2299.14   	31.000000	2250.04   	31.000000	2277.29   	31.000000	2275.5    	31.000000	2277.23   	31.000000	21.3627   	31.000000	11.6461   	31.000000	33.3167   	31.000000	31.5409   	31.000000	32.332    	
33.000000	2568.82   	33.000000	2514.55   	33.000000	2548.54   	33.000000	2546.67   	33.000000	2548.49   	33.000000	23.981    	33.000000	12.9679   	33.000000	37.2099   	33.000000	35.0434   	33.000000	36.1402   	
35.000000	2851.6    	35.000000	2792.2    	35.000000	2833.01   	35.000000	2831.11   	35.000000	2832.97   	35.000000	26.7197   	35.000000	14.3415   	35.000000	41.2902   	35.000000	38.6992   	35.000000	40.1351   	
38.000000	3299.95   	38.000000	3232.92   	38.000000	3284.11   	38.000000	3282.24   	38.000000	3284.06   	38.000000	31.0514   	38.000000	16.4989   	38.000000	47.7554   	38.000000	44.4642   	38.000000	46.4719   	
41.000000	3776.76   	41.000000	3702.26   	41.000000	3763.93   	41.000000	3762.24   	41.000000	3763.91   	41.000000	35.6484   	41.000000	18.7703   	41.000000	54.6261   	41.000000	50.5588   	41.000000	53.2149   	
44.000000	4281.47   	44.000000	4199.7    	44.000000	4272      	44.000000	4270.57   	44.000000	4271.98   	44.000000	40.5062   	44.000000	21.1548   	44.000000	61.8935   	44.000000	56.9749   	44.000000	60.3563   	
47.000000	4813.56   	47.000000	4724.74   	47.000000	4807.79   	47.000000	4806.72   	47.000000	4807.76   	47.000000	45.6204   	47.000000	23.6487   	47.000000	69.5493   	47.000000	63.705    	47.000000	67.8891   	
50.000000	5372.53   	50.000000	5276.93   	50.000000	5370.85   	50.000000	5370.23   	50.000000	5370.78   	50.000000	50.9861   	50.000000	26.2502   	50.000000	77.586    	50.000000	70.7421   	50.000000	75.8066   	
55.000000	6362.62   	55.000000	6256.32   	55.000000	6368.56   	55.000000	6368.95   	55.000000	6368.46   	55.000000	60.4748   	55.000000	30.8196   	55.000000	91.8065   	55.000000	83.1356   	55.000000	89.8401   	
60.000000	7424.07   	60.000000	7307.86   	60.000000	7438.59   	60.000000	7440.41   	60.000000	7438.58   	60.000000	70.6266   	60.000000	35.6735   	60.000000	107.032   	60.000000	96.3363   	60.000000	104.897   	
65.000000	8555.01   	65.000000	8429.7    	65.000000	8579.38   	65.000000	8582.77   	65.000000	8579.32   	65.000000	81.42     	65.000000	40.7991   	65.000000	123.233   	65.000000	110.319   	65.000000	120.952   	
70.000000	9753.73   	70.000000	9620.09   	70.000000	9789.08   	70.000000	9794.31   	70.000000	9788.94   	70.000000	92.8339   	70.000000	46.1907   	70.000000	140.381   	70.000000	125.06    	70.000000	137.98    	
75.000000	11018.6   	75.000000	10877.4   	75.000000	11066     	75.000000	11073.4   	75.000000	11065.8   	75.000000	104.848   	75.000000	51.8382   	75.000000	158.449   	75.000000	140.538   	75.000000	155.96    	
80.000000	12348.2   	80.000000	12199.9   	80.000000	12408.7   	80.000000	12418.5   	80.000000	12408.5   	80.000000	117.444   	80.000000	57.7366   	80.000000	177.412   	80.000000	156.731   	80.000000	174.868   	
85.000000	13741     	85.000000	13586.3   	85.000000	13815.5   	85.000000	13828.2   	85.000000	13815.4   	85.000000	130.601   	85.000000	63.8742   	85.000000	197.245   	85.000000	173.622   	85.000000	194.687   	
90.000000	15195.7   	90.000000	15035.1   	90.000000	15285.3   	90.000000	15301     	90.000000	15285.2   	90.000000	144.304   	90.000000	70.2452   	90.000000	217.926   	90.000000	191.192   	90.000000	215.395   	
95.000000	16711.1   	95.000000	16544.9   	95.000000	16816.8   	95.000000	16835.6   	95.000000	16816.5   	95.000000	158.533   	95.000000	76.8433   	95.000000	239.433   	95.000000	209.424   	95.000000	236.973   	
100.000000	18285.9   	100.000000	18114.3   	100.000000	18408.4   	100.000000	18430.8   	100.000000	18408.1   	100.000000	173.272   	100.000000	83.6626   	100.000000	261.743   	100.000000	228.301   	100.000000	259.405   	
105.000000	19919.1   	105.000000	19742.2   	105.000000	20059     	105.000000	20085.3   	105.000000	20058.8   	105.000000	188.506   	105.000000	90.6974   	105.000000	284.837   	105.000000	247.809   	105.000000	282.672   	
110.000000	21609.6   	110.000000	21427.3   	110.000000	21767.5   	110.000000	21797.9   	110.000000	21767.3   	110.000000	204.219   	110.000000	97.943    	110.000000	308.694   	110.000000	267.931   	110.000000	306.757   	
115.000000	23356.2   	115.000000	23168.4   	115.000000	23532.9   	115.000000	23567.4   	115.000000	23532.6   	115.000000	220.396   	115.000000	105.392   	115.000000	333.297   	115.000000	288.653   	115.000000	331.645   	
120.000000	25158.1   	120.000000	24964.4   	120.000000	25353.7   	120.000000	25392.9   	120.000000	25353.5   	120.000000	237.022   	120.000000	113.035   	120.000000	358.625   	120.000000	309.963   	120.000000	357.319   	
125.000000	27014.3   	125.000000	26814.2   	125.000000	27229.1   	125.000000	27273.2   	125.000000	27228.9   	125.000000	254.084   	125.000000	120.873   	125.000000	384.661   	125.000000	331.846   	125.000000	383.765   	
130.000000	28923.9   	130.000000	28716.8   	130.000000	29158.1   	130.000000	29207.2   	130.000000	29157.9   	130.000000	271.568   	130.000000	128.897   	130.000000	411.389   	130.000000	354.29    	130.000000	410.968   	
135.000000	30885.9   	135.000000	30671.1   	135.000000	31139.6   	135.000000	31194.1   	135.000000	31139.4   	135.000000	289.461   	135.000000	137.104   	135.000000	438.79    	135.000000	377.283   	135.000000	438.913   	
140.000000	32899.7   	140.000000	32676.2   	140.000000	33172.7   	140.000000	33232.7   	140.000000	33172.4   	140.000000	307.75    	140.000000	145.493   	140.000000	466.849   	140.000000	400.812   	140.000000	467.587   	
145.000000	34964.3   	145.000000	34731     	145.000000	35256.3   	145.000000	35322.2   	145.000000	35256.1   	145.000000	326.424   	145.000000	154.054   	145.000000	495.551   	145.000000	424.867   	145.000000	496.976   	
150.000000	37079     	150.000000	36834.7   	150.000000	37389.6   	150.000000	37461.7   	150.000000	37389.5   	150.000000	345.47    	150.000000	162.783   	150.000000	524.879   	150.000000	449.435   	150.000000	527.066   	
155.000000	39272.7   	155.000000	38986.4   	155.000000	39571.9   	155.000000	39650.2   	155.000000	39571.7   	155.000000	364.877   	155.000000	171.676   	155.000000	554.82    	155.000000	474.508   	155.000000	557.845   	
160.000000	41514.1   	160.000000	41185.1   	160.000000	41802.1   	160.000000	41886.9   	160.000000	41801.9   	160.000000	384.633   	160.000000	180.731   	160.000000	585.357   	160.000000	500.072   	160.000000	589.3     	
165.000000	43801.2   	165.000000	43430.1   	165.000000	44079.4   	165.000000	44171     	165.000000	44079.2   	165.000000	404.729   	165.000000	189.942   	165.000000	616.478   	165.000000	526.12    	165.000000	621.42    	
170.000000	46133.2   	170.000000	45720.5   	170.000000	46403.1   	170.000000	46501.6   	170.000000	46402.9   	170.000000	425.154   	170.000000	199.308   	170.000000	648.169   	170.000000	552.641   	170.000000	654.192   	
175.000000	48509.3   	175.000000	48055.5   	175.000000	48772.3   	175.000000	48878     	175.000000	48772     	175.000000	445.897   	175.000000	208.826   	175.000000	680.415   	175.000000	579.624   	175.000000	687.603   	
180.000000	50928.9   	180.000000	50434.3   	180.000000	51186.1   	180.000000	51299.3   	180.000000	51185.8   	180.000000	466.949   	180.000000	218.487   	180.000000	713.206   	180.000000	607.063   	180.000000	721.644   	
185.000000	53391     	185.000000	52856.2   	185.000000	53643.8   	185.000000	53764.8   	185.000000	53643.7   	185.000000	488.3     	185.000000	228.287   	185.000000	746.527   	185.000000	634.945   	185.000000	756.303   	
190.000000	55895.2   	190.000000	55320.4   	190.000000	56144.8   	190.000000	56273.7   	190.000000	56144.7   	190.000000	509.941   	190.000000	238.227   	190.000000	780.366   	190.000000	663.264   	190.000000	791.569   	
195.000000	58440.6   	195.000000	57826.3   	195.000000	58688.4   	195.000000	58825.4   	195.000000	58688.3   	195.000000	531.863   	195.000000	248.305   	195.000000	814.712   	195.000000	692.011   	195.000000	827.431   	
200.000000	61026.6   	200.000000	60373     	200.000000	61273.8   	200.000000	61419.1   	200.000000	61273.7   	200.000000	554.057   	200.000000	258.515   	200.000000	849.553   	200.000000	721.176   	200.000000	863.88    	
210.000000	66317.7   	210.000000	65586.5   	210.000000	66567.1   	210.000000	66729.8   	210.000000	66567.1   	210.000000	599.229   	210.000000	279.32    	210.000000	920.673   	210.000000	780.733   	210.000000	938.494   	
220.000000	71763.6   	220.000000	70955.5   	220.000000	72019.9   	220.000000	72200.5   	220.000000	72019.7   	220.000000	645.391   	220.000000	300.634   	220.000000	993.638   	220.000000	841.87    	220.000000	1015.33   	
230.000000	77359.5   	230.000000	76475.1   	230.000000	77626.5   	230.000000	77826.2   	230.000000	77626.4   	230.000000	692.483   	230.000000	322.416   	230.000000	1068.37   	230.000000	904.528   	230.000000	1094.32   	
240.000000	83100.8   	240.000000	82140.5   	240.000000	83382.7   	240.000000	83601.8   	240.000000	83382.3   	240.000000	740.447   	240.000000	344.651   	240.000000	1144.78   	240.000000	968.651   	240.000000	1175.38   	
250.000000	88983.2   	250.000000	87947.1   	250.000000	89283.1   	250.000000	89522.8   	250.000000	89282.8   	250.000000	789.227   	250.000000	367.321   	250.000000	1222.79   	250.000000	1034.18   	250.000000	1258.45   	
260.000000	95002.6   	260.000000	93890.6   	260.000000	95323.4   	260.000000	95584.6   	260.000000	95323.4   	260.000000	838.774   	260.000000	390.412   	260.000000	1302.35   	260.000000	1101.07   	260.000000	1343.46   	
270.000000	101155    	270.000000	99966.6   	270.000000	101500    	270.000000	101783    	270.000000	101500    	270.000000	889.036   	270.000000	413.907   	270.000000	1383.36   	270.000000	1169.27   	270.000000	1430.34   	
280.000000	107437    	280.000000	106171    	280.000000	107808    	280.000000	108114    	280.000000	107808    	280.000000	939.969   	280.000000	437.792   	280.000000	1465.78   	280.000000	1238.72   	280.000000	1519.04   	
290.000000	113844    	290.000000	112501    	290.000000	114243    	290.000000	114573    	290.000000	114244    	290.000000	991.529   	290.000000	462.055   	290.000000	1549.53   	290.000000	1309.39   	290.000000	1609.48   	
300.000000	120374    	300.000000	118951    	300.000000	120803    	300.000000	121157    	300.000000	120803    	300.000000	1043.67   	300.000000	486.677   	300.000000	1634.56   	300.000000	1381.23   	300.000000	1701.63   	
310.000000	127022    	310.000000	125519    	310.000000	127483    	310.000000	127862    	310.000000	127484    	310.000000	1096.37   	310.000000	511.628   	310.000000	1720.8    	310.000000	1454.2    	310.000000	1795.41   	
320.000000	133786    	320.000000	132202    	320.000000	134280    	320.000000	134684    	320.000000	134280    	320.000000	1149.56   	320.000000	536.912   	320.000000	1808.21   	320.000000	1528.25   	320.000000	1890.77   	
330.000000	140663    	330.000000	138995    	330.000000	141190    	330.000000	141620    	330.000000	141191    	330.000000	1203.24   	330.000000	562.521   	330.000000	1896.73   	330.000000	1603.35   	330.000000	1987.68   	
340.000000	147649    	340.000000	145896    	340.000000	148210    	340.000000	148667    	340.000000	148211    	340.000000	1257.35   	340.000000	588.428   	340.000000	1986.31   	340.000000	1679.46   	340.000000	2086.06   	
350.000000	154742    	350.000000	152901    	350.000000	155337    	350.000000	155822    	350.000000	155338    	350.000000	1311.87   	350.000000	614.617   	350.000000	2076.9    	350.000000	1756.55   	350.000000	2185.88   	
360.000000	161938    	360.000000	160009    	360.000000	162569    	360.000000	163081    	360.000000	162570    	360.000000	1366.77   	360.000000	641.087   	360.000000	2168.46   	360.000000	1834.57   	360.000000	2287.1    	
370.000000	169237    	370.000000	167215    	370.000000	169901    	370.000000	170442    	370.000000	169902    	370.000000	1422.02   	370.000000	667.845   	370.000000	2260.94   	370.000000	1913.5    	370.000000	2389.65   	
380.000000	176633    	380.000000	174518    	380.000000	177332    	380.000000	177902    	380.000000	177333    	380.000000	1477.59   	380.000000	694.878   	380.000000	2354.3    	380.000000	1993.3    	380.000000	2493.51   	
390.000000	184127    	390.000000	181914    	390.000000	184858    	390.000000	185457    	390.000000	184859    	390.000000	1533.46   	390.000000	722.165   	390.000000	2448.49   	390.000000	2073.95   	390.000000	2598.63   	
400.000000	191714    	400.000000	189402    	400.000000	192477    	400.000000	193106    	400.000000	192478    	400.000000	1589.6    	400.000000	749.691   	400.000000	2543.49   	400.000000	2155.41   	400.000000	2704.96   	
410.000000	199392    	410.000000	196978    	410.000000	200186    	410.000000	200846    	410.000000	200187    	410.000000	1646      	410.000000	777.454   	410.000000	2639.24   	410.000000	2237.66   	410.000000	2812.47   	
420.000000	207160    	420.000000	204641    	420.000000	207983    	420.000000	208675    	420.000000	207984    	420.000000	1702.61   	420.000000	805.448   	420.000000	2735.72   	420.000000	2320.66   	420.000000	2921.13   	
430.000000	215014    	430.000000	212387    	430.000000	215865    	430.000000	216589    	430.000000	215866    	430.000000	1759.44   	430.000000	833.667   	430.000000	2832.9    	430.000000	2404.39   	430.000000	3030.89   	
440.000000	222954    	440.000000	220216    	440.000000	223831    	440.000000	224587    	440.000000	223832    	440.000000	1816.45   	440.000000	862.093   	440.000000	2930.73   	440.000000	2488.83   	440.000000	3141.72   	
450.000000	230977    	450.000000	228125    	450.000000	231878    	450.000000	232666    	450.000000	231879    	450.000000	1873.63   	450.000000	890.71    	450.000000	3029.18   	450.000000	2573.94   	450.000000	3253.58   	
460.000000	239080    	460.000000	236111    	460.000000	240003    	460.000000	240825    	460.000000	240004    	460.000000	1930.96   	460.000000	919.516   	460.000000	3128.24   	460.000000	2659.71   	460.000000	3366.45   	
470.000000	247263    	470.000000	244173    	470.000000	248206    	470.000000	249061    	470.000000	248207    	470.000000	1988.43   	470.000000	948.517   	470.000000	3227.86   	470.000000	2746.11   	470.000000	3480.29   	
480.000000	255523    	480.000000	252309    	480.000000	256483    	480.000000	257372    	480.000000	256484    	480.000000	2046.01   	480.000000	977.715   	480.000000	3328.01   	480.000000	2833.12   	480.000000	3595.06   	
490.000000	263858    	490.000000	260516    	490.000000	264833    	490.000000	265756    	490.000000	264834    	490.000000	2103.7    	490.000000	1007.1    	490.000000	3428.68   	490.000000	2920.71   	490.000000	3710.74   	
500.000000	272266    	500.000000	268794    	500.000000	273254    	500.000000	274212    	500.000000	273254    	500.000000	2161.47   	500.000000	1036.68   	500.000000	3529.83   	500.000000	3008.87   	500.000000	3827.3    	
520.000000	289297    	520.000000	285554    	520.000000	290301    	520.000000	291329    	520.000000	290301    	520.000000	2277.22   	520.000000	1096.31   	520.000000	3733.5    	520.000000	3186.81   	520.000000	4062.94   	
540.000000	306602    	540.000000	302573    	540.000000	307610    	540.000000	308711    	540.000000	307611    	540.000000	2393.16   	540.000000	1156.57   	540.000000	3938.82   	540.000000	3366.78   	540.000000	4301.76   	
560.000000	324169    	560.000000	319840    	560.000000	325169    	560.000000	326344    	560.000000	325169    	560.000000	2509.21   	560.000000	1217.46   	560.000000	4145.61   	560.000000	3548.64   	560.000000	4543.56   	
580.000000	341985    	580.000000	337343    	580.000000	342964    	580.000000	344215    	580.000000	342965    	580.000000	2625.27   	580.000000	1278.93   	580.000000	4353.73   	580.000000	3732.24   	580.000000	4788.15   	
600.000000	360040    	600.000000	355070    	600.000000	360985    	600.000000	362312    	600.000000	360985    	600.000000	2741.28   	600.000000	1340.92   	600.000000	4563.02   	600.000000	3917.46   	600.000000	5035.35   	
620.000000	378322    	620.000000	373011    	620.000000	379220    	620.000000	380625    	620.000000	379221    	620.000000	2857.17   	620.000000	1403.4    	620.000000	4773.33   	620.000000	4104.18   	620.000000	5284.98   	
640.000000	396822    	640.000000	391155    	640.000000	397659    	640.000000	399144    	640.000000	397660    	640.000000	2972.87   	640.000000	1466.36   	640.000000	4984.56   	640.000000	4292.29   	640.000000	5536.89   	
660.000000	415531    	660.000000	409494    	660.000000	416293    	660.000000	417858    	660.000000	416293    	660.000000	3088.33   	660.000000	1529.78   	660.000000	5196.57   	660.000000	4481.69   	660.000000	5790.92   	
680.000000	434438    	680.000000	428019    	680.000000	435112    	680.000000	436758    	680.000000	435112    	680.000000	3203.51   	680.000000	1593.62   	680.000000	5409.25   	680.000000	4672.27   	680.000000	6046.94   	
700.000000	453535    	700.000000	446720    	700.000000	454107    	700.000000	455836    	700.000000	454107    	700.000000	3318.35   	700.000000	1657.89   	700.000000	5622.51   	700.000000	4863.95   	700.000000	6304.81   	
720.000000	472813    	720.000000	465589    	720.000000	473270    	720.000000	475083    	720.000000	473270    	720.000000	3432.82   	720.000000	1722.55   	720.000000	5836.25   	720.000000	5056.63   	720.000000	6564.4    	
740.000000	492265    	740.000000	484620    	740.000000	492594    	740.000000	494491    	740.000000	492594    	740.000000	3546.89   	740.000000	1787.59   	740.000000	6050.39   	740.000000	5250.23   	740.000000	6825.59   	
760.000000	511883    	760.000000	503804    	760.000000	512071    	760.000000	514053    	760.000000	512070    	760.000000	3660.52   	760.000000	1853      	760.000000	6264.83   	760.000000	5444.68   	760.000000	7088.27   	
780.000000	531660    	780.000000	523134    	780.000000	531693    	780.000000	533762    	780.000000	531693    	780.000000	3773.68   	780.000000	1918.76   	780.000000	6479.52   	780.000000	5639.9    	780.000000	7352.33   	
800.000000	551588    	800.000000	542605    	800.000000	551455    	800.000000	553612    	800.000000	551456    	800.000000	3886.36   	800.000000	1984.86   	800.000000	6694.37   	800.000000	5835.82   	800.000000	7617.68   	
820.000000	571661    	820.000000	562209    	820.000000	571351    	820.000000	573595    	820.000000	571351    	820.000000	3998.52   	820.000000	2051.3    	820.000000	6909.32   	820.000000	6032.39   	820.000000	7884.21   	
840.000000	591872    	840.000000	581941    	840.000000	591371    	840.000000	593704    	840.000000	591371    	840.000000	4110.11   	840.000000	2118.02   	840.000000	7124.28   	840.000000	6229.5    	840.000000	8151.8    	
860.000000	612215    	860.000000	601795    	860.000000	611510    	860.000000	613932    	860.000000	611509    	860.000000	4221.09   	860.000000	2184.99   	860.000000	7339.18   	860.000000	6427.09   	860.000000	8420.33   	
880.000000	632685    	880.000000	621765    	880.000000	631761    	880.000000	634272    	880.000000	631760    	880.000000	4331.46   	880.000000	2252.17   	880.000000	7553.97   	880.000000	6625.11   	880.000000	8689.74   	
900.000000	653275    	900.000000	641847    	900.000000	652118    	900.000000	654722    	900.000000	652119    	900.000000	4441.19   	900.000000	2319.58   	900.000000	7768.6    	900.000000	6823.51   	900.000000	8959.95   	
920.000000	673980    	920.000000	662034    	920.000000	672579    	920.000000	675274    	920.000000	672580    	920.000000	4550.3    	920.000000	2387.22   	920.000000	7983.03   	920.000000	7022.23   	920.000000	9230.88   	
940.000000	694795    	940.000000	682323    	940.000000	693139    	940.000000	695926    	940.000000	693140    	940.000000	4658.76   	940.000000	2455.11   	940.000000	8197.22   	940.000000	7221.24   	940.000000	9502.47   	
960.000000	715715    	960.000000	702708    	960.000000	713794    	960.000000	716672    	960.000000	713794    	960.000000	4766.57   	960.000000	2523.24   	960.000000	8411.13   	960.000000	7420.49   	960.000000	9774.65   	
980.000000	736735    	980.000000	723186    	980.000000	734538    	980.000000	737509    	980.000000	734538    	980.000000	4873.74   	980.000000	2591.58   	980.000000	8624.72   	980.000000	7619.95   	980.000000	10047.4   	
1000.000000	757849    	1000.000000	743752    	1000.000000	755367    	1000.000000	758432    	1000.000000	755367    	1000.000000	4980.25   	1000.000000	2660.12   	1000.000000	8837.97   	1000.000000	7819.56   	1000.000000	10320.6   	
1020.000000	779055    	1020.000000	764402    	1020.000000	776279    	1020.000000	779438    	1020.000000	776279    	1020.000000	5086.1    	1020.000000	2728.85   	1020.000000	9050.84   	1020.000000	8019.3    	1020.000000	10594.2   	
1040.000000	800347    	1040.000000	785132    	1040.000000	797269    	1040.000000	800522    	1040.000000	797270    	1040.000000	5191.29   	1040.000000	2797.74   	1040.000000	9263.31   	1040.000000	8219.14   	1040.000000	10868.1   	
1060.000000	821721    	1060.000000	805939    	1060.000000	818334    	1060.000000	821683    	1060.000000	818336    	1060.000000	5295.83   	1060.000000	2866.81   	1060.000000	9475.36   	1060.000000	8419.04   	1060.000000	11142.4   	
1080.000000	843173    	1080.000000	826819    	1080.000000	839472    	1080.000000	842916    	1080.000000	839474    	1080.000000	5399.7    	1080.000000	2936.05   	1080.000000	9686.95   	1080.000000	8618.97   	1080.000000	11417     	
1100.000000	864700    	1100.000000	847769    	1100.000000	860679    	1100.000000	864218    	1100.000000	860680    	1100.000000	5502.92   	1100.000000	3005.46   	1100.000000	9898.07   	1100.000000	8818.9    	1100.000000	11691.8   	
1120.000000	886297    	1120.000000	868784    	1120.000000	881952    	1120.000000	885587    	1120.000000	881953    	1120.000000	5605.48   	1120.000000	3075.05   	1120.000000	10108.7   	1120.000000	9018.81   	1120.000000	11966.8   	
1140.000000	907961    	1140.000000	889863    	1140.000000	903288    	1140.000000	907019    	1140.000000	903289    	1140.000000	5707.38   	1140.000000	3144.83   	1140.000000	10318.8   	1140.000000	9218.67   	1140.000000	12241.9   	
1160.000000	929689    	1160.000000	911002    	1160.000000	924684    	1160.000000	928511    	1160.000000	924685    	1160.000000	5808.63   	1160.000000	3214.8    	1160.000000	10528.4   	1160.000000	9418.46   	1160.000000	12517.2   	
1180.000000	951476    	1180.000000	932199    	1180.000000	946138    	1180.000000	950062    	1180.000000	946139    	1180.000000	5909.22   	1180.000000	3284.95   	1180.000000	10737.4   	1180.000000	9618.15   	1180.000000	12792.5   	
1200.000000	973321    	1200.000000	953449    	1200.000000	967647    	1200.000000	971669    	1200.000000	967649    	1200.000000	6009.17   	1200.000000	3355.29   	1200.000000	10945.9   	1200.000000	9817.73   	1200.000000	13067.8   	
1220.000000	995219    	1220.000000	974752    	1220.000000	989209    	1220.000000	993329    	1220.000000	989211    	1220.000000	6108.48   	1220.000000	3425.79   	1220.000000	11153.8   	1220.000000	10017.2   	1220.000000	13343.2   	
1240.000000	1.01717e+06	1240.000000	996103    	1240.000000	1.01082e+06	1240.000000	1.01504e+06	1240.000000	1.01082e+06	1240.000000	6207.14   	1240.000000	3496.45   	1240.000000	11361.2   	1240.000000	10216.4   	1240.000000	13618.5   	
1260.000000	1.03917e+06	1260.000000	1.0175e+06	1260.000000	1.03248e+06	1260.000000	1.0368e+06	1260.000000	1.03249e+06	1260.000000	6305.16   	1260.000000	3567.26   	1260.000000	11567.9   	1260.000000	10415.5   	1260.000000	13893.8   	
1280.000000	1.06121e+06	1280.000000	1.03894e+06	1280.000000	1.05419e+06	1280.000000	1.0586e+06	1280.000000	1.05419e+06	1280.000000	6402.55   	1280.000000	3638.21   	1280.000000	11774     	1280.000000	10614.5   	1280.000000	14169     	
1300.000000	1.08329e+06	1300.000000	1.06043e+06	1300.000000	1.07594e+06	1300.000000	1.08046e+06	1300.000000	1.07595e+06	1300.000000	6499.3    	1300.000000	3709.31   	1300.000000	11979.5   	1300.000000	10813.2   	1300.000000	14444.1   	
1320.000000	1.10542e+06	1320.000000	1.08195e+06	1320.000000	1.09774e+06	1320.000000	1.10235e+06	1320.000000	1.09774e+06	1320.000000	6595.44   	1320.000000	3780.53   	1320.000000	12184.4   	1320.000000	11011.6   	1320.000000	14719     	
1340.000000	1.12758e+06	1340.000000	1.10351e+06	1340.000000	1.11957e+06	1340.000000	1.12428e+06	1340.000000	1.11958e+06	1340.000000	6690.95   	1340.000000	3851.9    	1340.000000	12388.7   	1340.000000	11209.9   	1340.000000	14993.8   	
1360.000000	1.14977e+06	1360.000000	1.12511e+06	1360.000000	1.14145e+06	1360.000000	1.14626e+06	1360.000000	1.14145e+06	1360.000000	6785.85   	1360.000000	3923.4    	1360.000000	12592.3   	1360.000000	11407.9   	1360.000000	15268.5   	
1380.000000	1.172e+06 	1380.000000	1.14674e+06	1380.000000	1.16336e+06	1380.000000	1.16827e+06	1380.000000	1.16336e+06	1380.000000	6880.13   	1380.000000	3995.03   	1380.000000	12795.3   	1380.000000	11605.6   	1380.000000	15542.9   	
1400.000000	1.19426e+06	1400.000000	1.16841e+06	1400.000000	1.18531e+06	1400.000000	1.19032e+06	1400.000000	1.18531e+06	1400.000000	6973.81   	1400.000000	4066.8    	1400.000000	12997.7   	1400.000000	11803.1   	1400.000000	15817.1   	
1420.000000	1.21654e+06	1420.000000	1.1901e+06	1420.000000	1.20729e+06	1420.000000	1.2124e+06	1420.000000	1.20729e+06	1420.000000	7066.89   	1420.000000	4138.7    	1420.000000	13199.4   	1420.000000	12000.2   	1420.000000	16091.1   	
1440.000000	1.23886e+06	1440.000000	1.21182e+06	1440.000000	1.2293e+06	1440.000000	1.23451e+06	1440.000000	1.22931e+06	1440.000000	7159.38   	1440.000000	4210.74   	1440.000000	13400.4   	1440.000000	12197.1   	1440.000000	16364.8   	
1460.000000	1.26119e+06	1460.000000	1.23356e+06	1460.000000	1.25135e+06	1460.000000	1.25666e+06	1460.000000	1.25135e+06	1460.000000	7251.27   	1460.000000	4282.91   	1460.000000	13600.8   	1460.000000	12393.6   	1460.000000	16638.2   	
1480.000000	1.28355e+06	1480.000000	1.25533e+06	1480.000000	1.27342e+06	1480.000000	1.27883e+06	1480.000000	1.27343e+06	1480.000000	7342.58   	1480.000000	4355.21   	1480.000000	13800.5   	1480.000000	12589.9   	1480.000000	16911.3   	
1500.000000	1.30592e+06	1500.000000	1.27713e+06	1500.000000	1.29553e+06	1500.000000	1.30103e+06	1500.000000	1.29553e+06	1500.000000	7433.32   	1500.000000	4427.64   	1500.000000	13999.6   	1500.000000	12785.8   	1500.000000	17184.2   	
1520.000000	1.32832e+06	1520.000000	1.29894e+06	1520.000000	1.31766e+06	1520.000000	1.32327e+06	1520.000000	1.31766e+06	1520.000000	7523.47   	1520.000000	4500.2    	1520.000000	14197.9   	1520.000000	12981.3   	1520.000000	17456.7   	
1540.000000	1.35073e+06	1540.000000	1.32078e+06	1540.000000	1.33981e+06	1540.000000	1.34552e+06	1540.000000	1.33982e+06	1540.000000	7613.07   	1540.000000	4572.89   	1540.000000	14395.7   	1540.000000	13176.6   	1540.000000	17728.9   	
1560.000000	1.37315e+06	1560.000000	1.34263e+06	1560.000000	1.362e+06 	1560.000000	1.3678e+06	1560.000000	1.362e+06 	1560.000000	7702.09   	1560.000000	4645.7    	1560.000000	14592.7   	1560.000000	13371.4   	1560.000000	18000.7   	
1580.000000	1.39559e+06	1580.000000	1.3645e+06	1580.000000	1.3842e+06	1580.000000	1.39011e+06	1580.000000	1.38421e+06	1580.000000	7790.57   	1580.000000	4718.63   	1580.000000	14789.1   	1580.000000	13566     	1580.000000	18272.1   	
1600.000000	1.41803e+06	1600.000000	1.38639e+06	1600.000000	1.40643e+06	1600.000000	1.41244e+06	1600.000000	1.40644e+06	1600.000000	7878.49   	1600.000000	4791.68   	1600.000000	14984.8   	1600.000000	13760.1   	1600.000000	18543.2   	
1620.000000	1.44049e+06	1620.000000	1.40829e+06	1620.000000	1.42868e+06	1620.000000	1.43479e+06	1620.000000	1.42869e+06	1620.000000	7965.86   	1620.000000	4864.83   	1620.000000	15179.8   	1620.000000	13953.9   	1620.000000	18813.9   	
1640.000000	1.46295e+06	1640.000000	1.4302e+06	1640.000000	1.45095e+06	1640.000000	1.45716e+06	1640.000000	1.45096e+06	1640.000000	8052.7    	1640.000000	4938.1    	1640.000000	15374.2   	1640.000000	14147.3   	1640.000000	19084.2   	
1660.000000	1.48542e+06	1660.000000	1.45213e+06	1660.000000	1.47324e+06	1660.000000	1.47955e+06	1660.000000	1.47325e+06	1660.000000	8139      	1660.000000	5011.47   	1660.000000	15567.9   	1660.000000	14340.3   	1660.000000	19354.1   	
1680.000000	1.5079e+06	1680.000000	1.47407e+06	1680.000000	1.49555e+06	1680.000000	1.50196e+06	1680.000000	1.49556e+06	1680.000000	8224.77   	1680.000000	5084.94   	1680.000000	15760.9   	1680.000000	14532.9   	1680.000000	19623.6   	
1700.000000	1.53037e+06	1700.000000	1.49601e+06	1700.000000	1.51787e+06	1700.000000	1.52439e+06	1700.000000	1.51788e+06	1700.000000	8310.02   	1700.000000	5158.52   	1700.000000	15953.3   	1700.000000	14725.2   	1700.000000	19892.7   	
1750.000000	1.58657e+06	1750.000000	1.55091e+06	1750.000000	1.57376e+06	1750.000000	1.58053e+06	1750.000000	1.57377e+06	1750.000000	8520.89   	1750.000000	5342.9    	1750.000000	16431.2   	1750.000000	15204     	1750.000000	20563.5   	
1800.000000	1.64276e+06	1800.000000	1.60585e+06	1800.000000	1.62974e+06	1800.000000	1.63676e+06	1800.000000	1.62975e+06	1800.000000	8728.61   	1800.000000	5527.92   	1800.000000	16905.1   	1800.000000	15680.3   	1800.000000	21231.4   	
1850.000000	1.69892e+06	1850.000000	1.6608e+06	1850.000000	1.6858e+06	1850.000000	1.69307e+06	1850.000000	1.68581e+06	1850.000000	8933.26   	1850.000000	5713.6    	1850.000000	17374.7   	1850.000000	16154     	1850.000000	21896.4   	
1900.000000	1.75503e+06	1900.000000	1.71577e+06	1900.000000	1.74193e+06	1900.000000	1.74946e+06	1900.000000	1.74195e+06	1900.000000	9134.94   	1900.000000	5899.96   	1900.000000	17840.3   	1900.000000	16625     	1900.000000	22558.4   	
1950.000000	1.81108e+06	1950.000000	1.77073e+06	1950.000000	1.79813e+06	1950.000000	1.80591e+06	1950.000000	1.79814e+06	1950.000000	9333.7    	1950.000000	6087.01   	1950.000000	18301.8   	1950.000000	17093.4   	1950.000000	23217.3   	
2000.000000	1.86706e+06	2000.000000	1.82567e+06	2000.000000	1.85437e+06	2000.000000	1.86241e+06	2000.000000	1.85439e+06	2000.000000	9529.65   	2000.000000	6274.76   	2000.000000	18759.3   	2000.000000	17559.1   	2000.000000	23873     	
2100.000000	1.97873e+06	2100.000000	1.93546e+06	2100.000000	1.96699e+06	2100.000000	1.97553e+06	2100.000000	1.96701e+06	2100.000000	9913.37   	2100.000000	6652.31   	2100.000000	19662.4   	2100.000000	18482.3   	2100.000000	25174.8   	
2200.000000	2.08994e+06	2200.000000	2.04505e+06	2200.000000	2.07974e+06	2200.000000	2.08878e+06	2200.000000	2.07976e+06	2200.000000	10286.7   	2200.000000	7032.53   	2200.000000	20550.1   	2200.000000	19394.5   	2200.000000	26463.5   	
2300.000000	2.2006e+06	2300.000000	2.15439e+06	2300.000000	2.19256e+06	2300.000000	2.2021e+06	2300.000000	2.19258e+06	2300.000000	10650.1   	2300.000000	7415.35   	2300.000000	21422.6   	2300.000000	20295.7   	2300.000000	27738.8   	
2400.000000	2.31065e+06	2400.000000	2.26341e+06	2400.000000	2.30541e+06	2400.000000	2.31546e+06	2400.000000	2.30543e+06	2400.000000	11004.3   	2400.000000	7800.68   	2400.000000	22280.5   	2400.000000	21186     	2400.000000	29000.6   	
2500.000000	2.42002e+06	2500.000000	2.37207e+06	2500.000000	2.41826e+06	2500.000000	2.42881e+06	2500.000000	2.41829e+06	2500.000000	11349.5   	2500.000000	8188.42   	2500.000000	23124.3   	2500.000000	22065.4   	2500.000000	30248.9   	
2600.000000	2.52866e+06	2600.000000	2.48032e+06	2600.000000	2.53108e+06	2600.000000	2.54214e+06	2600.000000	2.53112e+06	2600.000000	11686.4   	2600.000000	8578.51   	2600.000000	23954.2   	2600.000000	22934.1   	2600.000000	31483.8   	
2700.000000	2.63652e+06	2700.000000	2.58813e+06	2700.000000	2.64386e+06	2700.000000	2.65542e+06	2700.000000	2.64389e+06	2700.000000	12015.3   	2700.000000	8970.9    	2700.000000	24770.8   	2700.000000	23792.2   	2700.000000	32705.3   	
2800.000000	2.74357e+06	2800.000000	2.69546e+06	2800.000000	2.75656e+06	2800.000000	2.76862e+06	2800.000000	2.7566e+06	2800.000000	12336.7   	2800.000000	9365.57   	2800.000000	25574.5   	2800.000000	24639.8   	2800.000000	33913.5   	
2900.000000	2.84977e+06	2900.000000	2.80228e+06	2900.000000	2.86918e+06	2900.000000	2.88173e+06	2900.000000	2.86922e+06	2900.000000	12650.8   	2900.000000	9762.49   	2900.000000	26365.7   	2900.000000	25477.1   	2900.000000	35108.5   	
3000.000000	2.9551e+06	3000.000000	2.90859e+06	3000.000000	2.98169e+06	3000.000000	2.99474e+06	3000.000000	2.98174e+06	3000.000000	12958.1   	3000.000000	10161.7   	3000.000000	27144.8   	3000.000000	26304.3   	3000.000000	36290.7   	
3200.000000	3.16307e+06	3200.000000	3.11955e+06	3200.000000	3.20637e+06	3200.000000	3.22039e+06	3200.000000	3.20641e+06	3200.000000	13553.3   	3200.000000	10966.6   	3200.000000	28668.3   	3200.000000	27929.3   	3200.000000	38616.8   	
3400.000000	3.36733e+06	3400.000000	3.32822e+06	3400.000000	3.43052e+06	3400.000000	3.4455e+06	3400.000000	3.43055e+06	3400.000000	14124.8   	3400.000000	11780.5   	3400.000000	30148     	3400.000000	29516.2   	3400.000000	40893.6   	
3600.000000	3.5678e+06	3600.000000	3.53452e+06	3600.000000	3.65407e+06	3600.000000	3.67001e+06	3600.000000	3.65409e+06	3600.000000	14674.6   	3600.000000	12603.3   	3600.000000	31586.6   	3600.000000	31066.8   	3600.000000	43122.7   	
3800.000000	3.76446e+06	3800.000000	3.73839e+06	3800.000000	3.877e+06 	3800.000000	3.89388e+06	3800.000000	3.87701e+06	3800.000000	15204.4   	3800.000000	13435     	3800.000000	32986.7   	3800.000000	32582.5   	3800.000000	45306     	
4000.000000	3.95729e+06	4000.000000	3.93981e+06	4000.000000	4.09928e+06	4000.000000	4.1171e+06	4000.000000	4.09929e+06	4000.000000	15715.9   	4000.000000	14275.6   	4000.000000	34350.6   	4000.000000	34065     	4000.000000	47445.3   	
4200.000000	4.1463e+06	4200.000000	4.13875e+06	4200.000000	4.32089e+06	4200.000000	4.33965e+06	4200.000000	4.32089e+06	4200.000000	16210.6   	4200.000000	15124.9   	4200.000000	35680.4   	4200.000000	35515.7   	4200.000000	49542.3   	
4400.000000	4.33152e+06	4400.000000	4.33523e+06	4400.000000	4.54183e+06	4400.000000	4.56152e+06	4400.000000	4.54183e+06	4400.000000	16689.7   	4400.000000	15983     	4400.000000	36978.2   	4400.000000	36936.1   	4400.000000	51598.8   	
4600.000000	4.513e+06 	4600.000000	4.52924e+06	4600.000000	4.7621e+06	4600.000000	4.78272e+06	4600.000000	4.7621e+06	4600.000000	17154.2   	4600.000000	16849.7   	4600.000000	38245.6   	4600.000000	38327.4   	4600.000000	53616.5   	
4800.000000	4.69081e+06	4800.000000	4.72081e+06	4800.000000	4.98169e+06	4800.000000	5.00323e+06	4800.000000	4.9817e+06	4800.000000	17605.3   	4800.000000	17724.8   	4800.000000	39484.5   	4800.000000	39691.1   	4800.000000	55596.9   	
5000.000000	4.86499e+06	5000.000000	4.90997e+06	5000.000000	5.20062e+06	5000.000000	5.22308e+06	5000.000000	5.20063e+06	5000.000000	18043.9   	5000.000000	18608.3   	5000.000000	40696.3   	5000.000000	41028.3   	5000.000000	57541.6   	
5250.000000	5.07773e+06	5250.000000	5.14306e+06	5250.000000	5.47337e+06	5250.000000	5.49696e+06	5250.000000	5.47338e+06	5250.000000	18575.6   	5250.000000	19724.2   	5250.000000	42175.2   	5250.000000	42664.2   	5250.000000	59924.5   	
5500.000000	5.28508e+06	5500.000000	5.37249e+06	5500.000000	5.74511e+06	5500.000000	5.76983e+06	5500.000000	5.74513e+06	5500.000000	19090.5   	5500.000000	20852.7   	5500.000000	43616.5   	5500.000000	44262.6   	5500.000000	62256.4   	
6000.000000	5.68419e+06	6000.000000	5.82066e+06	6000.000000	6.28566e+06	6000.000000	6.31261e+06	6000.000000	6.28569e+06	6000.000000	20074.4   	6000.000000	23146.6   	6000.000000	46395.6   	6000.000000	47354.5   	6000.000000	66777.4   	
6500.000000	6.06355e+06	6500.000000	6.25511e+06	6500.000000	6.82247e+06	6500.000000	6.85161e+06	6500.000000	6.82251e+06	6500.000000	21004.3   	6500.000000	25488.6   	6500.000000	49049.6   	6500.000000	50317.9   	6500.000000	71122.8   	
7000.000000	6.4244e+06	7000.000000	6.67647e+06	7000.000000	7.35573e+06	7000.000000	7.38703e+06	7000.000000	7.35579e+06	7000.000000	21887.1   	7000.000000	27877.5   	7000.000000	51592.1   	7000.000000	53164.8   	7000.000000	75308.2   	
7500.000000	6.76792e+06	7500.000000	7.08541e+06	7500.000000	7.88565e+06	7500.000000	7.91907e+06	7500.000000	7.88572e+06	7500.000000	22728.4   	7500.000000	30312     	7500.000000	54034.2   	7500.000000	55905.8   	7500.000000	79347.6   	
8000.000000	7.09523e+06	8000.000000	7.48255e+06	8000.000000	8.41239e+06	8000.000000	8.44791e+06	8000.000000	8.41248e+06	8000.000000	23532.9   	8000.000000	32791.4   	8000.000000	56385.7   	8000.000000	58550     	8000.000000	83253.1   	
8500.000000	7.40741e+06	8500.000000	7.86848e+06	8500.000000	8.93615e+06	8500.000000	8.97373e+06	8500.000000	8.93625e+06	8500.000000	24304.5   	8500.000000	35314.4   	8500.000000	58654.8   	8500.000000	61105.4   	8500.000000	87035.4   	
9000.000000	7.70542e+06	9000.000000	8.24379e+06	9000.000000	9.45708e+06	9000.000000	9.4967e+06	9000.000000	9.45719e+06	9000.000000	25046.5   	9000.000000	37878.1   	9000.000000	60848.8   	9000.000000	63578.9   	9000.000000	90703.8   	
9500.000000	7.99019e+06	9500.000000	8.60901e+06	9500.000000	9.97536e+06	9500.000000	1.0017e+07	9500.000000	9.97546e+06	9500.000000	25761.8   	9500.000000	40481.5   	9500.000000	62973.6   	9500.000000	65976.8   	9500.000000	94266.7   	
10000.000000	8.26256e+06	10000.000000	8.96465e+06	10000.000000	1.04911e+07	10000.000000	1.05347e+07	10000.000000	1.04912e+07	10000.000000	26452.6   	10000.000000	43124.9   	10000.000000	65035     	10000.000000	68304.6   	10000.000000	97731.7   	
11000.000000	8.77316e+06	11000.000000	9.64905e+06	11000.000000	1.15155e+07	11000.000000	1.15629e+07	11000.000000	1.15155e+07	11000.000000	27769.3   	11000.000000	48531.4   	11000.000000	68985.6   	11000.000000	72769     	11000.000000	104394    	
12000.000000	9.24278e+06	12000.000000	1.03004e+07	12000.000000	1.25311e+07	12000.000000	1.25823e+07	12000.000000	1.25311e+07	12000.000000	29010.3   	12000.000000	54089.8   	12000.000000	72732.7   	12000.000000	77005.7   	12000.000000	110735    	
13000.000000	9.67613e+06	13000.000000	1.09218e+07	13000.000000	1.35387e+07	13000.000000	1.35937e+07	13000.000000	1.35388e+07	13000.000000	30186.4   	13000.000000	59793.2   	13000.000000	76302.2   	13000.000000	81041.8   	13000.000000	116794    	
14000.000000	1.00773e+07	14000.000000	1.15159e+07	14000.000000	1.45391e+07	14000.000000	1.45978e+07	14000.000000	1.45392e+07	14000.000000	31306     	14000.000000	65640.9   	14000.000000	79714.8   	14000.000000	84899.9   	14000.000000	122601    	
15000.000000	1.04497e+07	15000.000000	1.20849e+07	15000.000000	1.55329e+07	15000.000000	1.55951e+07	15000.000000	1.5533e+07	15000.000000	32375.9   	15000.000000	71632.2   	15000.000000	82987.9   	15000.000000	88598.7   	15000.000000	128182    	
16000.000000	1.07964e+07	16000.000000	1.26309e+07	16000.000000	1.65205e+07	16000.000000	1.65862e+07	16000.000000	1.65206e+07	16000.000000	33401.9   	16000.000000	77762     	16000.000000	86135.8   	16000.000000	92153.9   	16000.000000	133559    	
17000.000000	1.11199e+07	17000.000000	1.31558e+07	17000.000000	1.75024e+07	17000.000000	1.75715e+07	17000.000000	1.75024e+07	17000.000000	34388.4   	17000.000000	84021.7   	17000.000000	89170.6   	17000.000000	95579.1   	17000.000000	138750    	
18000.000000	1.14225e+07	18000.000000	1.36611e+07	18000.000000	1.8479e+07	18000.000000	1.85514e+07	18000.000000	1.8479e+07	18000.000000	35339.6   	18000.000000	90402.8   	18000.000000	92102.6   	18000.000000	98885.6   	18000.000000	143772    	
19000.000000	1.17062e+07	19000.000000	1.41482e+07	19000.000000	1.94506e+07	19000.000000	1.95263e+07	19000.000000	1.94506e+07	19000.000000	36258.6   	19000.000000	96897.8   	19000.000000	94940.7   	19000.000000	102084    	19000.000000	148639    	
20000.000000	1.19727e+07	20000.000000	1.46185e+07	20000.000000	2.04176e+07	20000.000000	2.04965e+07	20000.000000	2.04175e+07	20000.000000	37148.4   	20000.000000	103500    	20000.000000	97692.8   	20000.000000	105182    	20000.000000	153363    	
21000.000000	1.22235e+07	21000.000000	1.50732e+07	21000.000000	2.13801e+07	21000.000000	2.14622e+07	21000.000000	2.138e+07 	21000.000000	38011.4   	21000.000000	110206    	21000.000000	100365    	21000.000000	108188    	21000.000000	157954    	
22000.000000	1.246e+07 	22000.000000	1.55131e+07	22000.000000	2.23385e+07	22000.000000	2.24238e+07	22000.000000	2.23385e+07	22000.000000	38849.8   	22000.000000	117021    	22000.000000	102964    	22000.000000	111109    	22000.000000	162423    	
23000.000000	1.26833e+07	23000.000000	1.59393e+07	23000.000000	2.32931e+07	23000.000000	2.33814e+07	23000.000000	2.3293e+07	23000.000000	39665.4   	23000.000000	123947    	23000.000000	105495    	23000.000000	113950    	23000.000000	166777    	
24000.000000	1.28946e+07	24000.000000	1.63527e+07	24000.000000	2.42439e+07	24000.000000	2.43353e+07	24000.000000	2.42438e+07	24000.000000	40459.9   	24000.000000	130973    	24000.000000	107962    	24000.000000	116718    	24000.000000	171025    	
25000.000000	1.30947e+07	25000.000000	1.67539e+07	25000.000000	2.51912e+07	25000.000000	2.52856e+07	25000.000000	2.51912e+07	25000.000000	41234.8   	25000.000000	138103    	25000.000000	110370    	25000.000000	119416    	25000.000000	175172    	
26000.000000	1.32845e+07	26000.000000	1.71438e+07	26000.000000	2.61352e+07	26000.000000	2.62326e+07	26000.000000	2.61352e+07	26000.000000	41991.4   	26000.000000	145336    	26000.000000	112722    	26000.000000	122049    	26000.000000	179226    	
27000.000000	1.34649e+07	27000.000000	1.75229e+07	27000.000000	2.7076e+07	27000.000000	2.71763e+07	27000.000000	2.7076e+07	27000.000000	42730.9   	27000.000000	152668    	27000.000000	115022    	27000.000000	124621    	27000.000000	183191    	
28000.000000	1.36364e+07	28000.000000	1.78919e+07	28000.000000	2.80138e+07	28000.000000	2.81169e+07	28000.000000	2.80139e+07	28000.000000	43454.4   	28000.000000	160095    	28000.000000	117272    	28000.000000	127136    	28000.000000	187073    	
29000.000000	1.37997e+07	29000.000000	1.82512e+07	29000.000000	2.89487e+07	29000.000000	2.90546e+07	29000.000000	2.89488e+07	29000.000000	44162.7   	29000.000000	167615    	29000.000000	119476    	29000.000000	129596    	29000.000000	190877    	
30000.000000	1.39554e+07	30000.000000	1.86015e+07	30000.000000	2.98808e+07	30000.000000	2.99895e+07	30000.000000	2.9881e+07	30000.000000	44856.8   	30000.000000	175226    	30000.000000	121635    	30000.000000	132006    	30000.000000	194605    	
32000.000000	1.42459e+07	32000.000000	1.92765e+07	32000.000000	3.17373e+07	32000.000000	3.18512e+07	32000.000000	3.17375e+07	32000.000000	46205.5   	32000.000000	190719    	32000.000000	125831    	32000.000000	136681    	32000.000000	201854    	
34000.000000	1.45115e+07	34000.000000	1.99201e+07	34000.000000	3.35839e+07	34000.000000	3.3703e+07	34000.000000	3.35842e+07	34000.000000	47505.8   	34000.000000	206558    	34000.000000	129877    	34000.000000	141180    	34000.000000	208847    	
36000.000000	1.47552e+07	36000.000000	2.05353e+07	36000.000000	3.54216e+07	36000.000000	3.55455e+07	36000.000000	3.54218e+07	36000.000000	48762.5   	36000.000000	222727    	36000.000000	133785    	36000.000000	145519    	36000.000000	215607    	
38000.000000	1.49797e+07	38000.000000	2.11246e+07	38000.000000	3.72508e+07	38000.000000	3.73793e+07	38000.000000	3.7251e+07	38000.000000	49979.5   	38000.000000	239212    	38000.000000	137568    	38000.000000	149713    	38000.000000	222153    	
40000.000000	1.51869e+07	40000.000000	2.169e+07 	40000.000000	3.90721e+07	40000.000000	3.92051e+07	40000.000000	3.90724e+07	40000.000000	51160.3   	40000.000000	256005    	40000.000000	141237    	40000.000000	153774    	40000.000000	228504    	
42000.000000	1.53789e+07	42000.000000	2.22335e+07	42000.000000	4.08861e+07	42000.000000	4.10232e+07	42000.000000	4.08864e+07	42000.000000	52307.9   	42000.000000	273093    	42000.000000	144799    	42000.000000	157711    	42000.000000	234674    	
44000.000000	1.55571e+07	44000.000000	2.27567e+07	44000.000000	4.26932e+07	44000.000000	4.28343e+07	44000.000000	4.26935e+07	44000.000000	53424.9   	44000.000000	290467    	44000.000000	148263    	44000.000000	161535    	44000.000000	240677    	
46000.000000	1.5723e+07	46000.000000	2.32612e+07	46000.000000	4.44937e+07	46000.000000	4.46385e+07	46000.000000	4.44941e+07	46000.000000	54513.4   	46000.000000	308118    	46000.000000	151637    	46000.000000	165253    	46000.000000	246524    	
48000.000000	1.58778e+07	48000.000000	2.37483e+07	48000.000000	4.62879e+07	48000.000000	4.64364e+07	48000.000000	4.62885e+07	48000.000000	55575.6   	48000.000000	326038    	48000.000000	154925    	48000.000000	168872    	48000.000000	252225    	
50000.000000	1.60225e+07	50000.000000	2.42192e+07	50000.000000	4.80763e+07	50000.000000	4.82283e+07	50000.000000	4.80771e+07	50000.000000	56613.2   	50000.000000	344218    	50000.000000	158134    	50000.000000	172400    	50000.000000	257791    	
