! 9Be range in Si
! apply ZOOM for details
Energy (MeV/u)1	0 - [He-base] F.Hubert et al, AD&ND Tables 46(1990)1	Energy (MeV/u)2	1 - [H -base] J.F.Ziegler et al,Pergamon Press,NY(low energy)	Energy (MeV/u)3	2 - ATIMA 1.2 LS-theory (recommended for high energy)	Energy (MeV/u)4	3 - ATIMA 1.2 without LS-correction	Energy (MeV/u)5	4 - ATIMA 1.4 H.Weick, improved mean charge formula for HI	Energy (MeV/u)6	5 - Range straggling - method [0] - LISE	Energy (MeV/u)7	6 - Range straggling - method [1] - Atima	Energy (MeV/u)8	7 - Lateral range - method [0] - LISE	Energy (MeV/u)9	8 - Lateral range - method [1] - Atima	Energy (MeV/u)10	9 - Lateral range - method [2] - PDG	
0.001000	0.0670433 	0.001000	0.0670433 	0.001000	0.0542337 	0.001000	0.0542337 	0.001000	0.0542499 	0.001000	0         	0.001000	0         	0.001000	0.000788375	0.001000	0.00126685	0.001000	0.000589833	
0.002000	0.136328  	0.002000	0.134087  	0.002000	0.108467  	0.002000	0.108467  	0.002000	0.1085    	0.002000	0.00752906	0.002000	0.00752906	0.002000	0.00230873	0.002000	0.00358402	0.002000	0.001797  	
0.005000	0.313777  	0.005000	0.305796  	0.005000	0.245498  	0.005000	0.245498  	0.005000	0.24555   	0.005000	0.00888161	0.005000	0.00888161	0.005000	0.00810929	0.005000	0.0121629 	0.005000	0.00653327	
0.008000	0.466098  	0.008000	0.453191  	0.008000	0.362615  	0.008000	0.362615  	0.008000	0.362676  	0.008000	0.00893761	0.008000	0.00893761	0.008000	0.0148013 	0.008000	0.0218224 	0.008000	0.0121112 	
0.010000	0.558778  	0.010000	0.542872  	0.010000	0.433922  	0.010000	0.433922  	0.010000	0.433986  	0.010000	0.00913434	0.010000	0.00913434	0.010000	0.0195268 	0.010000	0.0285625 	0.010000	0.0160872 	
0.015000	0.768662  	0.015000	0.745967  	0.015000	0.596009  	0.015000	0.596009  	0.015000	0.596079  	0.015000	0.0101487 	0.015000	0.0101487 	0.015000	0.0318658 	0.015000	0.0459708 	0.015000	0.0265546 	
0.020000	0.94244   	0.020000	0.914124  	0.020000	0.735294  	0.020000	0.735294  	0.020000	0.735366  	0.020000	0.0113433 	0.020000	0.0113433 	0.020000	0.0440045 	0.020000	0.0629634 	0.020000	0.0369106 	
0.025000	1.08693   	0.025000	1.05394   	0.025000	0.85587   	0.025000	0.85587   	0.025000	0.855944  	0.025000	0.0124041 	0.025000	0.0124041 	0.025000	0.0555328 	0.025000	0.079033  	0.025000	0.0467756 	
0.030000	1.21105   	0.030000	1.17405   	0.030000	0.963216  	0.030000	0.963216  	0.030000	0.963291  	0.030000	0.013316  	0.030000	0.013316  	0.030000	0.0665493 	0.030000	0.0943317 	0.030000	0.0562278 	
0.035000	1.32063   	0.035000	1.28008   	0.035000	1.06115   	0.035000	1.06115   	0.035000	1.06123   	0.035000	0.0141123 	0.035000	0.0141123 	0.035000	0.0771962 	0.035000	0.109064  	0.035000	0.0653861 	
0.040000	1.41944   	0.040000	1.37569   	0.040000	1.15177   	0.040000	1.15177   	0.040000	1.15184   	0.040000	0.0148137 	0.040000	0.0148137 	0.040000	0.0875336 	0.040000	0.123323  	0.040000	0.0742975 	
0.045000	1.51011   	0.045000	1.46343   	0.045000	1.23659   	0.045000	1.23659   	0.045000	1.23666   	0.045000	0.0154397 	0.045000	0.0154397 	0.045000	0.0976213 	0.045000	0.137197  	0.045000	0.0830109 	
0.050000	1.59453   	0.050000	1.54512   	0.050000	1.31674   	0.050000	1.31674   	0.050000	1.31681   	0.050000	0.0160061 	0.050000	0.015894  	0.050000	0.107417  	0.050000	0.150633  	0.050000	0.0914874 	
0.055000	1.67419   	0.055000	1.62221   	0.055000	1.39308   	0.055000	1.39308   	0.055000	1.39316   	0.055000	0.0165253 	0.055000	0.0162464 	0.055000	0.115665  	0.055000	0.161915  	0.055000	0.0986378 	
0.060000	1.75009   	0.060000	1.69565   	0.060000	1.4663    	0.060000	1.4663    	0.060000	1.46638   	0.060000	0.0170069 	0.060000	0.0165723 	0.060000	0.122803  	0.060000	0.171651  	0.060000	0.104838  	
0.070000	1.89346   	0.070000	1.83439   	0.070000	1.60542   	0.070000	1.60542   	0.070000	1.6055    	0.070000	0.0178863 	0.070000	0.0171666 	0.070000	0.134768  	0.070000	0.187521  	0.070000	0.115256  	
0.080000	2.02897   	0.080000	1.96551   	0.080000	1.73727   	0.080000	1.73727   	0.080000	1.73735   	0.080000	0.0186877 	0.080000	0.0177092 	0.080000	0.144716  	0.080000	0.200544  	0.080000	0.123948  	
0.090000	2.15935   	0.090000	2.09168   	0.090000	1.86404   	0.090000	1.86404   	0.090000	1.86412   	0.090000	0.0194393 	0.090000	0.0182204 	0.090000	0.15312   	0.090000	0.211392  	0.090000	0.131317  	
0.100000	2.2864    	0.100000	2.21462   	0.100000	1.98725   	0.100000	1.98725   	0.100000	1.98733   	0.100000	0.0201597 	0.100000	0.018713  	0.100000	0.16069   	0.100000	0.221065  	0.100000	0.137974  	
0.120000	2.53495   	0.120000	2.45512   	0.120000	2.22707   	0.120000	2.22707   	0.120000	2.22715   	0.120000	0.0215545 	0.120000	0.019676  	0.120000	0.173842  	0.120000	0.237699  	0.120000	0.149592  	
0.140000	2.78036   	0.140000	2.69259   	0.140000	2.46245   	0.140000	2.46245   	0.140000	2.46253   	0.140000	0.0229358 	0.140000	0.0206419 	0.140000	0.185326  	0.140000	0.252066  	0.140000	0.159792  	
0.160000	3.02521   	0.160000	2.92952   	0.160000	2.69659   	0.160000	2.69659   	0.160000	2.69667   	0.160000	0.0243357 	0.160000	0.021633  	0.160000	0.195686  	0.160000	0.264924  	0.160000	0.16904   	
0.180000	3.26898   	0.180000	3.16541   	0.180000	2.93128   	0.180000	2.93128   	0.180000	2.93136   	0.180000	0.0257701 	0.180000	0.0226597 	0.180000	0.205378  	0.180000	0.276859  	0.180000	0.177726  	
0.200000	3.51236   	0.200000	3.40092   	0.200000	3.16754   	0.200000	3.16754   	0.200000	3.16761   	0.200000	0.0272455 	0.200000	0.0237265 	0.200000	0.214518  	0.200000	0.288046  	0.200000	0.185949  	
0.250000	4.12166   	0.250000	3.99051   	0.250000	3.76812   	0.250000	3.76812   	0.250000	3.7682    	0.250000	0.0311172 	0.250000	0.0265665 	0.250000	0.235923  	0.250000	0.313943  	0.250000	0.205309  	
0.300000	4.73436   	0.300000	4.58339   	0.300000	4.38485   	0.300000	4.38485   	0.300000	4.38493   	0.300000	0.0352208 	0.300000	0.0296223 	0.300000	0.255944  	0.300000	0.337802  	0.300000	0.223538  	
0.350000	5.34912   	0.350000	5.17827   	0.350000	5.01647   	0.350000	5.01647   	0.350000	5.01655   	0.350000	0.0394795 	0.350000	0.0328245 	0.350000	0.275009  	0.350000	0.360231  	0.350000	0.240984  	
0.400000	5.96757   	0.400000	5.77672   	0.400000	5.65902   	0.400000	5.65902   	0.400000	5.6591    	0.400000	0.0437921 	0.400000	0.0360855 	0.400000	0.293326  	0.400000	0.381516  	0.400000	0.257814  	
0.450000	6.58899   	0.450000	6.37803   	0.450000	6.31345   	0.450000	6.31345   	0.450000	6.31352   	0.450000	0.0481686 	0.450000	0.0394038 	0.450000	0.311097  	0.450000	0.40193   	0.450000	0.274201  	
0.500000	7.21722   	0.500000	6.98594   	0.500000	6.98056   	0.500000	6.98056   	0.500000	6.98064   	0.500000	0.0526201 	0.500000	0.0427813 	0.500000	0.328519  	0.500000	0.42176   	0.500000	0.290315  	
0.600000	8.50575   	0.600000	8.2328    	0.600000	8.35738   	0.600000	8.35738   	0.600000	8.35746   	0.600000	0.0618234 	0.600000	0.0497533 	0.600000	0.362593  	0.600000	0.460172  	0.600000	0.321968  	
0.700000	9.84792   	0.700000	9.53155   	0.700000	9.79291   	0.700000	9.79291   	0.700000	9.79298   	0.700000	0.0714484 	0.700000	0.0570108 	0.700000	0.396258  	0.700000	0.497724  	0.700000	0.353372  	
0.800000	11.2546   	0.800000	10.8927   	0.800000	11.2877   	0.800000	11.2877   	0.800000	11.2878   	0.800000	0.0814993 	0.800000	0.0645404 	0.800000	0.42981   	0.800000	0.53484   	0.800000	0.384771  	
0.900000	12.7312   	0.900000	12.3216   	0.900000	12.8424   	0.900000	12.8424   	0.900000	12.8424   	0.900000	0.0919845 	0.900000	0.0723376 	0.900000	0.463225  	0.900000	0.571631  	0.900000	0.416139  	
1.000000	14.2789   	1.000000	13.8192   	1.000000	14.4571   	1.000000	14.4571   	1.000000	14.4572   	1.000000	0.102913  	1.000000	0.0804013 	1.000000	0.49691   	1.000000	0.608487  	1.000000	0.447822  	
1.250000	18.4708   	1.250000	17.8755   	1.250000	18.7684   	1.250000	18.7684   	1.250000	18.7685   	1.250000	0.132416  	1.250000	0.102105  	1.250000	0.582474  	1.250000	0.701502  	1.250000	0.528557  	
1.500000	23.1304   	1.500000	22.3844   	1.500000	23.4786   	1.500000	23.4786   	1.500000	23.4787   	1.500000	0.165171  	1.500000	0.127156  	1.500000	0.671131  	1.500000	0.797015  	1.500000	0.612483  	
1.750000	28.2448   	1.750000	27.3334   	1.750000	28.5799   	1.750000	28.5799   	1.750000	28.5799   	1.750000	0.201057  	1.750000	0.154907  	1.750000	0.763222  	1.750000	0.895535  	1.750000	0.699884  	
2.000000	33.8153   	2.000000	32.7236   	2.000000	34.0694   	2.000000	34.0694   	2.000000	34.0694   	2.000000	0.240074  	2.000000	0.184907  	2.000000	0.8591    	2.000000	0.997482  	2.000000	0.791058  	
2.250000	39.8627   	2.250000	38.5755   	2.250000	39.9461   	2.250000	39.9461   	2.250000	39.9461   	2.250000	0.282257  	2.250000	0.216947  	2.250000	0.958857  	2.250000	1.10315   	2.250000	0.886063  	
2.500000	46.3637   	2.500000	44.8688   	2.500000	46.2093   	2.500000	46.2093   	2.500000	46.2094   	2.500000	0.327642  	2.500000	0.250914  	2.500000	1.04568   	2.500000	1.21273   	2.500000	0.969108  	
3.000000	60.146    	3.000000	58.7143   	3.000000	59.891    	3.000000	59.891    	3.000000	59.8911   	3.000000	0.428096  	3.000000	0.324376  	3.000000	1.2344    	3.000000	1.4313    	3.000000	1.14965   	
3.500000	75.5095   	3.500000	74.1661   	3.500000	75.1026   	3.500000	75.1026   	3.500000	75.1026   	3.500000	0.541498  	3.500000	0.40499   	3.500000	1.44286   	3.500000	1.65007   	3.500000	1.34922   	
4.000000	92.4294   	4.000000	91.1668   	4.000000	91.8285   	4.000000	91.8285   	4.000000	91.8285   	4.000000	0.6678    	4.000000	0.492555  	4.000000	1.67072   	4.000000	1.88731   	4.000000	1.56756   	
4.500000	110.882   	4.500000	109.676   	4.500000	110.049   	4.500000	110.049   	4.500000	110.049   	4.500000	0.806853  	4.500000	0.586821  	4.500000	1.91761   	4.500000	2.14242   	4.500000	1.80435   	
5.000000	130.846   	5.000000	129.663   	5.000000	129.744   	5.000000	129.744   	5.000000	129.744   	5.000000	0.958461  	5.000000	0.687564  	5.000000	2.18318   	5.000000	2.41486   	5.000000	2.0593    	
5.500000	152.3     	5.500000	151.099   	5.500000	150.892   	5.500000	150.892   	5.500000	150.892   	5.500000	1.12241   	5.500000	0.794595  	5.500000	2.46706   	5.500000	2.70409   	5.500000	2.33205   	
6.000000	175.224   	6.000000	173.96    	6.000000	173.471   	6.000000	173.471   	6.000000	173.47    	6.000000	1.2985    	6.000000	0.907738  	6.000000	2.76896   	6.000000	3.00973   	6.000000	2.62234   	
6.500000	199.602   	6.500000	198.225   	6.500000	197.46    	6.500000	197.46    	6.500000	197.46    	6.500000	1.48652   	6.500000	1.02683   	6.500000	3.08854   	6.500000	3.33133   	6.500000	2.92985   	
7.000000	225.417   	7.000000	223.872   	7.000000	222.842   	7.000000	222.842   	7.000000	222.842   	7.000000	1.68627   	7.000000	1.15171   	7.000000	3.42553   	7.000000	3.66856   	7.000000	3.25435   	
7.500000	252.651   	7.500000	250.884   	7.500000	249.597   	7.500000	249.597   	7.500000	249.597   	7.500000	1.89759   	7.500000	1.28226   	7.500000	3.77967   	7.500000	4.02107   	7.500000	3.59557   	
8.000000	281.292   	8.000000	279.241   	8.000000	277.708   	8.000000	277.708   	8.000000	277.708   	8.000000	2.1203    	8.000000	1.41835   	8.000000	4.15071   	8.000000	4.38858   	8.000000	3.95329   	
8.500000	311.323   	8.500000	308.929   	8.500000	307.16    	8.500000	307.16    	8.500000	307.16    	8.500000	2.35425   	8.500000	1.55988   	8.500000	4.53844   	8.500000	4.77079   	8.500000	4.3273    	
9.000000	342.733   	9.000000	339.93    	9.000000	337.937   	9.000000	337.937   	9.000000	337.936   	9.000000	2.59931   	9.000000	1.70676   	9.000000	4.94263   	9.000000	5.16747   	9.000000	4.7174    	
9.500000	375.508   	9.500000	372.231   	9.500000	370.024   	9.500000	370.024   	9.500000	370.024   	9.500000	2.85534   	9.500000	1.85886   	9.500000	5.36309   	9.500000	5.57837   	9.500000	5.1234    	
10.000000	409.636   	10.000000	405.813   	10.000000	403.408   	10.000000	403.408   	10.000000	403.408   	10.000000	3.12222   	10.000000	2.01607   	10.000000	5.79964   	10.000000	6.00328   	10.000000	5.54513   	
11.000000	481.907   	11.000000	476.491   	11.000000	474.079   	11.000000	474.066   	11.000000	474.077   	11.000000	3.68942   	11.000000	2.34632   	11.000000	6.72127   	11.000000	6.89519   	11.000000	6.43605   	
12.000000	559.457   	12.000000	552.206   	12.000000	549.93    	12.000000	549.881   	12.000000	549.925   	12.000000	4.30158   	12.000000	2.698     	12.000000	7.7075    	12.000000	7.84286   	12.000000	7.3902    	
13.000000	642.208   	13.000000	632.911   	13.000000	630.903   	13.000000	630.797   	13.000000	630.893   	13.000000	4.95826   	13.000000	3.07071   	13.000000	8.75768   	13.000000	8.84542   	13.000000	8.40696   	
14.000000	730.083   	14.000000	718.558   	14.000000	716.943   	14.000000	716.764   	14.000000	716.929   	14.000000	5.65912   	14.000000	3.46404   	14.000000	9.87127   	14.000000	9.90212   	14.000000	9.48584   	
15.000000	823.015   	15.000000	809.1     	15.000000	808.008   	15.000000	807.739   	15.000000	807.989   	15.000000	6.40389   	15.000000	3.87794   	15.000000	11.0478   	15.000000	11.0123   	15.000000	10.6264   	
16.000000	920.938   	16.000000	904.491   	16.000000	904.056   	16.000000	903.684   	16.000000	904.032   	16.000000	7.19237   	16.000000	4.31231   	16.000000	12.2869   	16.000000	12.1754   	16.000000	11.8284   	
17.000000	1023.79   	17.000000	1004.69   	17.000000	1005.05   	17.000000	1004.57   	17.000000	1005.02   	17.000000	8.02442   	17.000000	4.76682   	17.000000	13.5881   	17.000000	13.391    	17.000000	13.0914   	
18.000000	1131.51   	18.000000	1109.65   	18.000000	1110.96   	18.000000	1110.35   	18.000000	1110.93   	18.000000	8.89993   	18.000000	5.24128   	18.000000	14.9514   	18.000000	14.6587   	18.000000	14.4153   	
19.000000	1244.05   	19.000000	1219.32   	19.000000	1221.76   	19.000000	1221.02   	19.000000	1221.73   	19.000000	9.81879   	19.000000	5.73563   	19.000000	16.3763   	19.000000	15.978    	19.000000	15.7998   	
20.000000	1361.35   	20.000000	1333.68   	20.000000	1337.42   	20.000000	1336.55   	20.000000	1337.39   	20.000000	10.781    	20.000000	6.24983   	20.000000	17.8628   	20.000000	17.3486   	20.000000	17.2448   	
21.000000	1483.37   	21.000000	1452.68   	21.000000	1457.93   	21.000000	1456.91   	21.000000	1457.89   	21.000000	11.7864   	21.000000	6.78379   	21.000000	19.4106   	21.000000	18.7703   	21.000000	18.7503   	
22.000000	1610.05   	22.000000	1576.28   	22.000000	1583.25   	22.000000	1582.09   	22.000000	1583.21   	22.000000	12.8351   	22.000000	7.33746   	22.000000	21.0195   	22.000000	20.2428   	22.000000	20.3159   	
23.000000	1741.35   	23.000000	1704.45   	23.000000	1713.38   	23.000000	1712.07   	23.000000	1713.33   	23.000000	13.927    	23.000000	7.9108    	23.000000	22.6896   	23.000000	21.7658   	23.000000	21.9418   	
24.000000	1877.23   	24.000000	1837.15   	24.000000	1848.28   	24.000000	1846.84   	24.000000	1848.23   	24.000000	15.0621   	24.000000	8.50377   	24.000000	24.4206   	24.000000	23.3392   	24.000000	23.6278   	
25.000000	2017.64   	25.000000	1974.34   	25.000000	1987.95   	25.000000	1986.37   	25.000000	1987.9    	25.000000	16.2403   	25.000000	9.11633   	25.000000	26.2124   	25.000000	24.9628   	25.000000	25.3738   	
27.000000	2311.9    	27.000000	2262.07   	27.000000	2281.53   	27.000000	2279.67   	27.000000	2281.47   	27.000000	18.7263   	27.000000	10.4      	27.000000	29.9782   	27.000000	28.3596   	27.000000	29.0457   	
29.000000	2623.81   	29.000000	2567.39   	29.000000	2593.99   	29.000000	2591.89   	29.000000	2593.92   	29.000000	21.3847   	29.000000	11.7617   	29.000000	33.9864   	29.000000	31.9549   	29.000000	32.9573   	
31.000000	2953.1    	31.000000	2890.04   	31.000000	2925.03   	31.000000	2922.74   	31.000000	2924.96   	31.000000	24.211    	31.000000	13.1989   	31.000000	38.2334   	31.000000	35.7452   	31.000000	37.1054   	
33.000000	3299.48   	33.000000	3229.79   	33.000000	3273.44   	33.000000	3271.04   	33.000000	3273.38   	33.000000	27.1785   	33.000000	14.6969   	33.000000	42.701    	33.000000	39.7146   	33.000000	41.4728   	
35.000000	3662.71   	35.000000	3586.4    	35.000000	3638.82   	35.000000	3636.38   	35.000000	3638.77   	35.000000	30.2822   	35.000000	16.2537   	35.000000	47.3835   	35.000000	43.8577   	35.000000	46.0539   	
38.000000	4238.58   	38.000000	4152.48   	38.000000	4218.23   	38.000000	4215.83   	38.000000	4218.18   	38.000000	35.1915   	38.000000	18.6988   	38.000000	54.8029   	38.000000	50.3912   	38.000000	53.3202   	
41.000000	4851.01   	41.000000	4755.32   	41.000000	4834.53   	41.000000	4832.36   	41.000000	4834.51   	41.000000	40.4014   	41.000000	21.2729   	41.000000	62.6875   	41.000000	57.2982   	41.000000	61.0516   	
44.000000	5499.28   	44.000000	5394.25   	44.000000	5487.11   	44.000000	5485.28   	44.000000	5487.09   	44.000000	45.907    	44.000000	23.9754   	44.000000	71.0274   	44.000000	64.5696   	44.000000	69.2394   	
47.000000	6182.72   	47.000000	6068.64   	47.000000	6175.31   	47.000000	6173.94   	47.000000	6175.27   	47.000000	51.703    	47.000000	26.8018   	47.000000	79.8131   	47.000000	72.1969   	47.000000	77.8753   	
50.000000	6900.68   	50.000000	6777.88   	50.000000	6898.52   	50.000000	6897.72   	50.000000	6898.43   	50.000000	57.7841   	50.000000	29.7501   	50.000000	89.0357   	50.000000	80.1722   	50.000000	86.9516   	
55.000000	8172.39   	55.000000	8035.85   	55.000000	8180.02   	55.000000	8180.52   	55.000000	8179.89   	55.000000	68.5379   	55.000000	34.9287   	55.000000	105.355   	55.000000	94.2178   	55.000000	103.038   	
60.000000	9535.75   	60.000000	9386.49   	60.000000	9554.41   	60.000000	9556.74   	60.000000	9554.39   	60.000000	80.0433   	60.000000	40.4299   	60.000000	122.828   	60.000000	109.178   	60.000000	120.296   	
65.000000	10988.4   	65.000000	10827.4   	65.000000	11019.7   	65.000000	11024     	65.000000	11019.6   	65.000000	92.2757   	65.000000	46.2389   	65.000000	141.419   	65.000000	125.025   	65.000000	138.696   	
70.000000	12528.1   	70.000000	12356.4   	70.000000	12573.5   	70.000000	12580.2   	70.000000	12573.3   	70.000000	105.211   	70.000000	52.3493   	70.000000	161.098   	70.000000	141.731   	70.000000	158.212   	
75.000000	14152.7   	75.000000	13971.3   	75.000000	14213.6   	75.000000	14223.1   	75.000000	14213.4   	75.000000	118.828   	75.000000	58.7498   	75.000000	181.832   	75.000000	159.272   	75.000000	178.815   	
80.000000	15860.4   	80.000000	15670.1   	80.000000	15938.2   	80.000000	15950.8   	80.000000	15937.9   	80.000000	133.102   	80.000000	65.4347   	80.000000	203.593   	80.000000	177.624   	80.000000	200.483   	
85.000000	17649.4   	85.000000	17450.8   	85.000000	17745.2   	85.000000	17761.4   	85.000000	17745     	85.000000	148.015   	85.000000	72.3906   	85.000000	226.354   	85.000000	196.767   	85.000000	223.191   	
90.000000	19517.9   	90.000000	19311.7   	90.000000	19633.1   	90.000000	19653.1   	90.000000	19632.9   	90.000000	163.544   	90.000000	79.611    	90.000000	250.087   	90.000000	216.68    	90.000000	246.918   	
95.000000	21464.3   	95.000000	21250.9   	95.000000	21600.1   	95.000000	21624.3   	95.000000	21599.8   	95.000000	179.67    	95.000000	87.0888   	95.000000	274.767   	95.000000	237.342   	95.000000	271.641   	
100.000000	23487.1   	100.000000	23266.7   	100.000000	23644.5   	100.000000	23673.2   	100.000000	23644.1   	100.000000	196.375   	100.000000	94.8174   	100.000000	300.37    	100.000000	258.735   	100.000000	297.34    	
105.000000	25584.9   	105.000000	25357.6   	105.000000	25764.6   	105.000000	25798.3   	105.000000	25764.3   	105.000000	213.64    	105.000000	102.79    	105.000000	326.872   	105.000000	280.843   	105.000000	323.995   	
110.000000	27756.1   	110.000000	27522     	110.000000	27959     	110.000000	27998     	110.000000	27958.8   	110.000000	231.448   	110.000000	111.002   	110.000000	354.251   	110.000000	303.647   	110.000000	351.587   	
115.000000	29999.6   	115.000000	29758.4   	115.000000	30226.5   	115.000000	30270.9   	115.000000	30226.1   	115.000000	249.781   	115.000000	119.444   	115.000000	382.483   	115.000000	327.133   	115.000000	380.097   	
120.000000	32314     	120.000000	32065.2   	120.000000	32565.3   	120.000000	32615.6   	120.000000	32564.9   	120.000000	268.624   	120.000000	128.106   	120.000000	411.55    	120.000000	351.283   	120.000000	409.508   	
125.000000	34698.2   	125.000000	34441.2   	125.000000	34974.1   	125.000000	35030.7   	125.000000	34973.8   	125.000000	287.961   	125.000000	136.989   	125.000000	441.428   	125.000000	376.083   	125.000000	439.801   	
130.000000	37150.9   	130.000000	36884.9   	130.000000	37451.7   	130.000000	37514.9   	130.000000	37451.5   	130.000000	307.776   	130.000000	146.083   	130.000000	472.1     	130.000000	401.52    	130.000000	470.96    	
135.000000	39671.1   	135.000000	39395.1   	135.000000	39996.9   	135.000000	40066.8   	135.000000	39996.6   	135.000000	328.055   	135.000000	155.384   	135.000000	503.546   	135.000000	427.577   	135.000000	502.968   	
140.000000	42257.6   	140.000000	41970.5   	140.000000	42608.2   	140.000000	42685.3   	140.000000	42607.9   	140.000000	348.783   	140.000000	164.891   	140.000000	535.746   	140.000000	454.243   	140.000000	535.81    	
145.000000	44909.4   	145.000000	44609.8   	145.000000	45284.5   	145.000000	45369.2   	145.000000	45284.3   	145.000000	369.946   	145.000000	174.594   	145.000000	568.683   	145.000000	481.505   	145.000000	569.47    	
150.000000	47625.6   	150.000000	47311.9   	150.000000	48024.6   	150.000000	48117.2   	150.000000	48024.5   	150.000000	391.531   	150.000000	184.487   	150.000000	602.339   	150.000000	509.349   	150.000000	603.932   	
155.000000	50443.4   	155.000000	50075.5   	155.000000	50827.6   	155.000000	50928.2   	155.000000	50827.4   	155.000000	413.526   	155.000000	194.566   	155.000000	636.698   	155.000000	537.763   	155.000000	639.183   	
160.000000	53322.3   	160.000000	52899.7   	160.000000	53692.1   	160.000000	53801.2   	160.000000	53692     	160.000000	435.917   	160.000000	204.828   	160.000000	671.743   	160.000000	566.736   	160.000000	675.207   	
165.000000	56259.9   	165.000000	55783.2   	165.000000	56617.2   	165.000000	56734.9   	165.000000	56617     	165.000000	458.692   	165.000000	215.267   	165.000000	707.456   	165.000000	596.256   	165.000000	711.991   	
170.000000	59255.2   	170.000000	58725.1   	170.000000	59601.9   	170.000000	59728.4   	170.000000	59601.6   	170.000000	481.84    	170.000000	225.882   	170.000000	743.824   	170.000000	626.312   	170.000000	749.521   	
175.000000	62307.2   	175.000000	61724.3   	175.000000	62645     	175.000000	62780.7   	175.000000	62644.6   	175.000000	505.349   	175.000000	236.669   	175.000000	780.83    	175.000000	656.893   	175.000000	787.784   	
180.000000	65414.9   	180.000000	64779.7   	180.000000	65745.3   	180.000000	65890.7   	180.000000	65745     	180.000000	529.207   	180.000000	247.618   	180.000000	818.459   	180.000000	687.989   	180.000000	826.766   	
185.000000	68577.5   	185.000000	67890.5   	185.000000	68902.1   	185.000000	69057.5   	185.000000	68901.9   	185.000000	553.405   	185.000000	258.724   	185.000000	856.698   	185.000000	719.589   	185.000000	866.455   	
190.000000	71793.9   	190.000000	71055.7   	190.000000	72114.5   	190.000000	72280.1   	190.000000	72114.4   	190.000000	577.931   	190.000000	269.989   	190.000000	895.531   	190.000000	751.683   	190.000000	906.838   	
195.000000	75063.3   	195.000000	74274.2   	195.000000	75381.6   	195.000000	75557.6   	195.000000	75381.4   	195.000000	602.776   	195.000000	281.412   	195.000000	934.946   	195.000000	784.262   	195.000000	947.904   	
200.000000	78384.8   	200.000000	77545.4   	200.000000	78702.3   	200.000000	78889     	200.000000	78702.2   	200.000000	627.929   	200.000000	292.983   	200.000000	974.928   	200.000000	817.316   	200.000000	989.639   	
210.000000	85181     	210.000000	84241.7   	210.000000	85501.3   	210.000000	85710.3   	210.000000	85501.3   	210.000000	679.124   	210.000000	316.562   	210.000000	1056.54   	210.000000	884.811   	210.000000	1075.07   	
220.000000	92175.9   	220.000000	91137.9   	220.000000	92505     	220.000000	92737.1   	220.000000	92504.8   	220.000000	731.441   	220.000000	340.717   	220.000000	1140.28   	220.000000	954.098   	220.000000	1163.05   	
230.000000	99363.4   	230.000000	98227.5   	230.000000	99706.5   	230.000000	99962.8   	230.000000	99706.3   	230.000000	784.812   	230.000000	365.403   	230.000000	1226.03   	230.000000	1025.11   	230.000000	1253.49   	
240.000000	106738    	240.000000	105504    	240.000000	107100    	240.000000	107381    	240.000000	107099    	240.000000	839.171   	240.000000	390.603   	240.000000	1313.72   	240.000000	1097.78   	240.000000	1346.3    	
250.000000	114293    	250.000000	112963    	250.000000	114679    	250.000000	114986    	250.000000	114678    	250.000000	894.455   	250.000000	416.297   	250.000000	1403.25   	250.000000	1172.05   	250.000000	1441.41   	
260.000000	122025    	260.000000	120597    	260.000000	122437    	260.000000	122772    	260.000000	122437    	260.000000	950.607   	260.000000	442.466   	260.000000	1494.54   	260.000000	1247.85   	260.000000	1538.73   	
270.000000	129927    	270.000000	128401    	270.000000	130370    	270.000000	130734    	270.000000	130370    	270.000000	1007.57   	270.000000	469.094   	270.000000	1587.52   	270.000000	1325.14   	270.000000	1638.2    	
280.000000	137996    	280.000000	136370    	280.000000	138472    	280.000000	138865    	280.000000	138472    	280.000000	1065.3    	280.000000	496.163   	280.000000	1682.09   	280.000000	1403.86   	280.000000	1739.74   	
290.000000	146226    	290.000000	144500    	290.000000	146738    	290.000000	147162    	290.000000	146739    	290.000000	1123.73   	290.000000	523.661   	290.000000	1778.21   	290.000000	1483.95   	290.000000	1843.28   	
300.000000	154612    	300.000000	152785    	300.000000	155164    	300.000000	155618    	300.000000	155164    	300.000000	1182.83   	300.000000	551.566   	300.000000	1875.78   	300.000000	1565.36   	300.000000	1948.76   	
310.000000	163152    	310.000000	161222    	310.000000	163744    	310.000000	164230    	310.000000	163745    	310.000000	1242.54   	310.000000	579.844   	310.000000	1974.76   	310.000000	1648.06   	310.000000	2056.12   	
320.000000	171840    	320.000000	169805    	320.000000	172474    	320.000000	172993    	320.000000	172475    	320.000000	1302.84   	320.000000	608.498   	320.000000	2075.07   	320.000000	1731.98   	320.000000	2165.29   	
330.000000	180672    	330.000000	178530    	330.000000	181350    	330.000000	181902    	330.000000	181351    	330.000000	1363.67   	330.000000	637.522   	330.000000	2176.65   	330.000000	1817.09   	330.000000	2276.21   	
340.000000	189646    	340.000000	187394    	340.000000	190367    	340.000000	190954    	340.000000	190368    	340.000000	1424.99   	340.000000	666.884   	340.000000	2279.45   	340.000000	1903.35   	340.000000	2388.83   	
350.000000	198756    	350.000000	196392    	350.000000	199521    	350.000000	200144    	350.000000	199522    	350.000000	1486.78   	350.000000	696.564   	350.000000	2383.41   	350.000000	1990.71   	350.000000	2503.09   	
360.000000	208000    	360.000000	205521    	360.000000	208810    	360.000000	209468    	360.000000	208811    	360.000000	1549      	360.000000	726.563   	360.000000	2488.48   	360.000000	2079.14   	360.000000	2618.94   	
370.000000	217374    	370.000000	214777    	370.000000	218227    	370.000000	218922    	370.000000	218229    	370.000000	1611.62   	370.000000	756.889   	370.000000	2594.61   	370.000000	2168.59   	370.000000	2736.33   	
380.000000	226875    	380.000000	224157    	380.000000	227771    	380.000000	228504    	380.000000	227773    	380.000000	1674.6    	380.000000	787.527   	380.000000	2701.74   	380.000000	2259.03   	380.000000	2855.21   	
390.000000	236499    	390.000000	233657    	390.000000	237438    	390.000000	238208    	390.000000	237439    	390.000000	1737.92   	390.000000	818.451   	390.000000	2809.84   	390.000000	2350.43   	390.000000	2975.52   	
400.000000	246244    	400.000000	243275    	400.000000	247224    	400.000000	248033    	400.000000	247225    	400.000000	1801.55   	400.000000	849.648   	400.000000	2918.85   	400.000000	2442.75   	400.000000	3097.23   	
410.000000	256107    	410.000000	253006    	410.000000	257126    	410.000000	257974    	410.000000	257127    	410.000000	1865.46   	410.000000	881.112   	410.000000	3028.74   	410.000000	2535.96   	410.000000	3220.28   	
420.000000	266084    	420.000000	262848    	420.000000	267141    	420.000000	268029    	420.000000	267142    	420.000000	1929.62   	420.000000	912.839   	420.000000	3139.46   	420.000000	2630.03   	420.000000	3344.64   	
430.000000	276173    	430.000000	272798    	430.000000	277266    	430.000000	278195    	430.000000	277267    	430.000000	1994.03   	430.000000	944.821   	430.000000	3250.98   	430.000000	2724.92   	430.000000	3470.27   	
440.000000	286371    	440.000000	282854    	440.000000	287498    	440.000000	288468    	440.000000	287498    	440.000000	2058.64   	440.000000	977.036   	440.000000	3363.24   	440.000000	2820.61   	440.000000	3597.11   	
450.000000	296675    	450.000000	293012    	450.000000	297833    	450.000000	298845    	450.000000	297834    	450.000000	2123.45   	450.000000	1009.47   	450.000000	3476.23   	450.000000	2917.07   	450.000000	3725.14   	
460.000000	307084    	460.000000	303270    	460.000000	308270    	460.000000	309324    	460.000000	308271    	460.000000	2188.42   	460.000000	1042.12   	460.000000	3589.9    	460.000000	3014.28   	460.000000	3854.31   	
470.000000	317594    	470.000000	313625    	470.000000	318805    	470.000000	319903    	470.000000	318806    	470.000000	2253.55   	470.000000	1074.98   	470.000000	3704.22   	470.000000	3112.19   	470.000000	3984.59   	
480.000000	328203    	480.000000	324075    	480.000000	329437    	480.000000	330578    	480.000000	329437    	480.000000	2318.81   	480.000000	1108.07   	480.000000	3819.16   	480.000000	3210.8    	480.000000	4115.94   	
490.000000	338909    	490.000000	334617    	490.000000	340162    	490.000000	341347    	490.000000	340162    	490.000000	2384.18   	490.000000	1141.38   	490.000000	3934.69   	490.000000	3310.08   	490.000000	4248.33   	
500.000000	349709    	500.000000	345249    	500.000000	350977    	500.000000	352208    	500.000000	350978    	500.000000	2449.66   	500.000000	1174.9    	500.000000	4050.77   	500.000000	3409.99   	500.000000	4381.72   	
520.000000	371584    	520.000000	366776    	520.000000	372873    	520.000000	374194    	520.000000	372874    	520.000000	2580.84   	520.000000	1242.49   	520.000000	4284.49   	520.000000	3611.65   	520.000000	4651.39   	
540.000000	393811    	540.000000	388636    	540.000000	395106    	540.000000	396520    	540.000000	395107    	540.000000	2712.24   	540.000000	1310.78   	540.000000	4520.11   	540.000000	3815.62   	540.000000	4924.69   	
560.000000	416374    	560.000000	410814    	560.000000	417659    	560.000000	419168    	560.000000	417660    	560.000000	2843.76   	560.000000	1379.79   	560.000000	4757.43   	560.000000	4021.71   	560.000000	5201.4    	
580.000000	439258    	580.000000	433296    	580.000000	440516    	580.000000	442122    	580.000000	440517    	580.000000	2975.3    	580.000000	1449.45   	580.000000	4996.26   	580.000000	4229.79   	580.000000	5481.3    	
600.000000	462448    	600.000000	456065    	600.000000	463663    	600.000000	465368    	600.000000	463663    	600.000000	3106.78   	600.000000	1519.71   	600.000000	5236.43   	600.000000	4439.7    	600.000000	5764.17   	
620.000000	485931    	620.000000	479109    	620.000000	487085    	620.000000	488890    	620.000000	487085    	620.000000	3238.12   	620.000000	1590.52   	620.000000	5477.79   	620.000000	4651.32   	620.000000	6049.82   	
640.000000	509694    	640.000000	502415    	640.000000	510769    	640.000000	512676    	640.000000	510769    	640.000000	3369.24   	640.000000	1661.87   	640.000000	5720.18   	640.000000	4864.51   	640.000000	6338.08   	
660.000000	533723    	660.000000	525970    	660.000000	534703    	660.000000	536712    	660.000000	534703    	660.000000	3500.1    	660.000000	1733.74   	660.000000	5963.48   	660.000000	5079.16   	660.000000	6628.76   	
680.000000	558008    	680.000000	549763    	680.000000	558874    	680.000000	560988    	680.000000	558874    	680.000000	3630.63   	680.000000	1806.1    	680.000000	6207.56   	680.000000	5295.14   	680.000000	6921.71   	
700.000000	582537    	700.000000	573783    	700.000000	583272    	700.000000	585492    	700.000000	583272    	700.000000	3760.79   	700.000000	1878.93   	700.000000	6452.29   	700.000000	5512.37   	700.000000	7216.77   	
720.000000	607299    	720.000000	598020    	720.000000	607885    	720.000000	610214    	720.000000	607886    	720.000000	3890.52   	720.000000	1952.21   	720.000000	6697.58   	720.000000	5730.74   	720.000000	7513.8    	
740.000000	632284    	740.000000	622464    	740.000000	632706    	740.000000	635142    	740.000000	632706    	740.000000	4019.8    	740.000000	2025.93   	740.000000	6943.31   	740.000000	5950.15   	740.000000	7812.65   	
760.000000	657482    	760.000000	647104    	760.000000	657723    	760.000000	660269    	760.000000	657723    	760.000000	4148.58   	760.000000	2100.06   	760.000000	7189.41   	760.000000	6170.52   	760.000000	8113.21   	
780.000000	682884    	780.000000	671933    	780.000000	682927    	780.000000	685584    	780.000000	682927    	780.000000	4276.83   	780.000000	2174.58   	780.000000	7435.78   	780.000000	6391.77   	780.000000	8415.34   	
800.000000	708480    	800.000000	696942    	800.000000	708310    	800.000000	711079    	800.000000	708310    	800.000000	4404.53   	800.000000	2249.5    	800.000000	7682.34   	800.000000	6613.81   	800.000000	8718.94   	
820.000000	734263    	820.000000	722123    	820.000000	733864    	820.000000	736747    	820.000000	733865    	820.000000	4531.64   	820.000000	2324.8    	820.000000	7929.01   	820.000000	6836.58   	820.000000	9023.89   	
840.000000	760223    	840.000000	747467    	840.000000	759580    	840.000000	762576    	840.000000	759579    	840.000000	4658.11   	840.000000	2400.42   	840.000000	8175.7    	840.000000	7059.97   	840.000000	9330.04   	
860.000000	786353    	860.000000	772968    	860.000000	785446    	860.000000	788557    	860.000000	785446    	860.000000	4783.89   	860.000000	2476.31   	860.000000	8422.31   	860.000000	7283.91   	860.000000	9637.28   	
880.000000	812644    	880.000000	798619    	880.000000	811457    	880.000000	814683    	880.000000	811457    	880.000000	4908.97   	880.000000	2552.45   	880.000000	8668.8    	880.000000	7508.33   	880.000000	9945.52   	
900.000000	839091    	900.000000	824412    	900.000000	837606    	900.000000	840949    	900.000000	837606    	900.000000	5033.34   	900.000000	2628.85   	900.000000	8915.11   	900.000000	7733.17   	900.000000	10254.7   	
920.000000	865686    	920.000000	850341    	920.000000	863886    	920.000000	867348    	920.000000	863887    	920.000000	5156.99   	920.000000	2705.51   	920.000000	9161.19   	920.000000	7958.39   	920.000000	10564.6   	
940.000000	892421    	940.000000	876401    	940.000000	890294    	940.000000	893874    	940.000000	890295    	940.000000	5279.91   	940.000000	2782.45   	940.000000	9406.99   	940.000000	8183.93   	940.000000	10875.3   	
960.000000	919291    	960.000000	902585    	960.000000	916823    	960.000000	920521    	960.000000	916824    	960.000000	5402.1    	960.000000	2859.66   	960.000000	9652.46   	960.000000	8409.74   	960.000000	11186.7   	
980.000000	946290    	980.000000	928887    	980.000000	943468    	980.000000	947284    	980.000000	943468    	980.000000	5523.55   	980.000000	2937.12   	980.000000	9897.58   	980.000000	8635.78   	980.000000	11498.7   	
1000.000000	973410    	1000.000000	955303    	1000.000000	970222    	1000.000000	974158    	1000.000000	970222    	1000.000000	5644.26   	1000.000000	3014.8    	1000.000000	10142.3   	1000.000000	8862.01   	1000.000000	11811.3   	
1020.000000	1.00065e+06	1020.000000	981827    	1020.000000	997082    	1020.000000	1.00114e+06	1020.000000	997082    	1020.000000	5764.23   	1020.000000	3092.68   	1020.000000	10386.6   	1020.000000	9088.38   	1020.000000	12124.3   	
1040.000000	1.028e+06 	1040.000000	1.00845e+06	1040.000000	1.02404e+06	1040.000000	1.02822e+06	1040.000000	1.02404e+06	1040.000000	5883.45   	1040.000000	3170.77   	1040.000000	10630.4   	1040.000000	9314.86   	1040.000000	12437.8   	
1060.000000	1.05545e+06	1060.000000	1.03518e+06	1060.000000	1.0511e+06	1060.000000	1.0554e+06	1060.000000	1.0511e+06	1060.000000	6001.92   	1060.000000	3249.04   	1060.000000	10873.8   	1060.000000	9541.41   	1060.000000	12751.6   	
1080.000000	1.083e+06 	1080.000000	1.062e+06 	1080.000000	1.07825e+06	1080.000000	1.08267e+06	1080.000000	1.07825e+06	1080.000000	6119.65   	1080.000000	3327.51   	1080.000000	11116.6   	1080.000000	9767.99   	1080.000000	13065.7   	
1100.000000	1.11065e+06	1100.000000	1.08891e+06	1100.000000	1.10549e+06	1100.000000	1.11003e+06	1100.000000	1.10549e+06	1100.000000	6236.62   	1100.000000	3406.18   	1100.000000	11358.9   	1100.000000	9994.58   	1100.000000	13380     	
1120.000000	1.13839e+06	1120.000000	1.1159e+06	1120.000000	1.13281e+06	1120.000000	1.13748e+06	1120.000000	1.13281e+06	1120.000000	6352.86   	1120.000000	3485.05   	1120.000000	11600.6   	1120.000000	10221.1   	1120.000000	13694.6   	
1140.000000	1.16622e+06	1140.000000	1.14297e+06	1140.000000	1.16022e+06	1140.000000	1.16501e+06	1140.000000	1.16022e+06	1140.000000	6468.35   	1140.000000	3564.13   	1140.000000	11841.7   	1140.000000	10447.6   	1140.000000	14009.4   	
1160.000000	1.19413e+06	1160.000000	1.17013e+06	1160.000000	1.1877e+06	1160.000000	1.19261e+06	1160.000000	1.1877e+06	1160.000000	6583.09   	1160.000000	3643.43   	1160.000000	12082.2   	1160.000000	10674.1   	1160.000000	14324.2   	
1180.000000	1.22211e+06	1180.000000	1.19735e+06	1180.000000	1.21526e+06	1180.000000	1.2203e+06	1180.000000	1.21526e+06	1180.000000	6697.1    	1180.000000	3722.94   	1180.000000	12322.1   	1180.000000	10900.4   	1180.000000	14639.2   	
1200.000000	1.25017e+06	1200.000000	1.22465e+06	1200.000000	1.24288e+06	1200.000000	1.24805e+06	1200.000000	1.24288e+06	1200.000000	6810.38   	1200.000000	3802.65   	1200.000000	12561.4   	1200.000000	11126.6   	1200.000000	14954.2   	
1220.000000	1.2783e+06	1220.000000	1.25201e+06	1220.000000	1.27058e+06	1220.000000	1.27587e+06	1220.000000	1.27058e+06	1220.000000	6922.92   	1220.000000	3882.55   	1220.000000	12800     	1220.000000	11352.6   	1220.000000	15269.2   	
1240.000000	1.30649e+06	1240.000000	1.27943e+06	1240.000000	1.29834e+06	1240.000000	1.30375e+06	1240.000000	1.29834e+06	1240.000000	7034.73   	1240.000000	3962.63   	1240.000000	13037.9   	1240.000000	11578.4   	1240.000000	15584.1   	
1260.000000	1.33474e+06	1260.000000	1.30692e+06	1260.000000	1.32616e+06	1260.000000	1.3317e+06	1260.000000	1.32616e+06	1260.000000	7145.83   	1260.000000	4042.88   	1260.000000	13275.1   	1260.000000	11804.1   	1260.000000	15899     	
1280.000000	1.36305e+06	1280.000000	1.33446e+06	1280.000000	1.35404e+06	1280.000000	1.35971e+06	1280.000000	1.35405e+06	1280.000000	7256.2    	1280.000000	4123.3    	1280.000000	13511.7   	1280.000000	12029.5   	1280.000000	16213.8   	
1300.000000	1.39142e+06	1300.000000	1.36205e+06	1300.000000	1.38198e+06	1300.000000	1.38778e+06	1300.000000	1.38199e+06	1300.000000	7365.86   	1300.000000	4203.87   	1300.000000	13747.5   	1300.000000	12254.7   	1300.000000	16528.5   	
1320.000000	1.41984e+06	1320.000000	1.3897e+06	1320.000000	1.40998e+06	1320.000000	1.4159e+06	1320.000000	1.40998e+06	1320.000000	7474.81   	1320.000000	4284.59   	1320.000000	13982.7   	1320.000000	12479.7   	1320.000000	16843.1   	
1340.000000	1.4483e+06	1340.000000	1.4174e+06	1340.000000	1.43802e+06	1340.000000	1.44407e+06	1340.000000	1.43803e+06	1340.000000	7583.06   	1340.000000	4365.47   	1340.000000	14217.1   	1340.000000	12704.3   	1340.000000	17157.4   	
1360.000000	1.47681e+06	1360.000000	1.44514e+06	1360.000000	1.46612e+06	1360.000000	1.4723e+06	1360.000000	1.46612e+06	1360.000000	7690.61   	1360.000000	4446.5    	1360.000000	14450.8   	1360.000000	12928.7   	1360.000000	17471.5   	
1380.000000	1.50536e+06	1380.000000	1.47292e+06	1380.000000	1.49427e+06	1380.000000	1.50057e+06	1380.000000	1.49427e+06	1380.000000	7797.46   	1380.000000	4527.69   	1380.000000	14683.7   	1380.000000	13152.8   	1380.000000	17785.5   	
1400.000000	1.53395e+06	1400.000000	1.50074e+06	1400.000000	1.52246e+06	1400.000000	1.52889e+06	1400.000000	1.52246e+06	1400.000000	7903.63   	1400.000000	4609.03   	1400.000000	14915.9   	1400.000000	13376.6   	1400.000000	18099.1   	
1420.000000	1.56258e+06	1420.000000	1.52861e+06	1420.000000	1.55069e+06	1420.000000	1.55725e+06	1420.000000	1.55069e+06	1420.000000	8009.13   	1420.000000	4690.52   	1420.000000	15147.4   	1420.000000	13600     	1420.000000	18412.5   	
1440.000000	1.59123e+06	1440.000000	1.5565e+06	1440.000000	1.57896e+06	1440.000000	1.58565e+06	1440.000000	1.57897e+06	1440.000000	8113.94   	1440.000000	4772.16   	1440.000000	15378.1   	1440.000000	13823.1   	1440.000000	18725.6   	
1460.000000	1.61992e+06	1460.000000	1.58444e+06	1460.000000	1.60728e+06	1460.000000	1.6141e+06	1460.000000	1.60729e+06	1460.000000	8218.09   	1460.000000	4853.95   	1460.000000	15608.1   	1460.000000	14045.9   	1460.000000	19038.4   	
1480.000000	1.64864e+06	1480.000000	1.6124e+06	1480.000000	1.63563e+06	1480.000000	1.64258e+06	1480.000000	1.63564e+06	1480.000000	8321.57   	1480.000000	4935.89   	1480.000000	15837.2   	1480.000000	14268.3   	1480.000000	19350.8   	
1500.000000	1.67738e+06	1500.000000	1.64039e+06	1500.000000	1.66402e+06	1500.000000	1.6711e+06	1500.000000	1.66403e+06	1500.000000	8424.4    	1500.000000	5017.98   	1500.000000	16065.7   	1500.000000	14490.3   	1500.000000	19662.9   	
1520.000000	1.70614e+06	1520.000000	1.66841e+06	1520.000000	1.69245e+06	1520.000000	1.69965e+06	1520.000000	1.69246e+06	1520.000000	8526.58   	1520.000000	5100.22   	1520.000000	16293.3   	1520.000000	14711.9   	1520.000000	19974.6   	
1540.000000	1.73492e+06	1540.000000	1.69646e+06	1540.000000	1.72091e+06	1540.000000	1.72824e+06	1540.000000	1.72092e+06	1540.000000	8628.12   	1540.000000	5182.6    	1540.000000	16520.2   	1540.000000	14933.2   	1540.000000	20285.9   	
1560.000000	1.76373e+06	1560.000000	1.72453e+06	1560.000000	1.7494e+06	1560.000000	1.75686e+06	1560.000000	1.74941e+06	1560.000000	8729.02   	1560.000000	5265.11   	1560.000000	16746.4   	1560.000000	15154.1   	1560.000000	20596.8   	
1580.000000	1.79254e+06	1580.000000	1.75262e+06	1580.000000	1.77792e+06	1580.000000	1.78551e+06	1580.000000	1.77793e+06	1580.000000	8829.28   	1580.000000	5347.77   	1580.000000	16971.7   	1580.000000	15374.5   	1580.000000	20907.3   	
1600.000000	1.82137e+06	1600.000000	1.78073e+06	1600.000000	1.80647e+06	1600.000000	1.81419e+06	1600.000000	1.80648e+06	1600.000000	8928.93   	1600.000000	5430.55   	1600.000000	17196.3   	1600.000000	15594.5   	1600.000000	21217.4   	
1620.000000	1.85022e+06	1620.000000	1.80886e+06	1620.000000	1.83505e+06	1620.000000	1.8429e+06	1620.000000	1.83506e+06	1620.000000	9027.95   	1620.000000	5513.46   	1620.000000	17420.2   	1620.000000	15814.1   	1620.000000	21527.1   	
1640.000000	1.87907e+06	1640.000000	1.83701e+06	1640.000000	1.86366e+06	1640.000000	1.87163e+06	1640.000000	1.86366e+06	1640.000000	9126.36   	1640.000000	5596.5    	1640.000000	17643.2   	1640.000000	16033.3   	1640.000000	21836.3   	
1660.000000	1.90793e+06	1660.000000	1.86517e+06	1660.000000	1.89229e+06	1660.000000	1.90039e+06	1660.000000	1.89229e+06	1660.000000	9224.17   	1660.000000	5679.65   	1660.000000	17865.5   	1660.000000	16252.1   	1660.000000	22145     	
1680.000000	1.9368e+06	1680.000000	1.89335e+06	1680.000000	1.92094e+06	1680.000000	1.92917e+06	1680.000000	1.92095e+06	1680.000000	9321.38   	1680.000000	5762.92   	1680.000000	18087     	1680.000000	16470.4   	1680.000000	22453.2   	
1700.000000	1.96567e+06	1700.000000	1.92153e+06	1700.000000	1.94962e+06	1700.000000	1.95798e+06	1700.000000	1.94963e+06	1700.000000	9418      	1700.000000	5846.3    	1700.000000	18307.8   	1700.000000	16688.2   	1700.000000	22761     	
1750.000000	2.03785e+06	1750.000000	1.99205e+06	1750.000000	2.0214e+06	1750.000000	2.03009e+06	1750.000000	2.02141e+06	1750.000000	9656.98   	1750.000000	6055.27   	1750.000000	18856.3   	1750.000000	17230.9   	1750.000000	23528.2   	
1800.000000	2.11002e+06	1800.000000	2.06261e+06	1800.000000	2.0933e+06	1800.000000	2.10231e+06	1800.000000	2.09331e+06	1800.000000	9892.4    	1800.000000	6264.96   	1800.000000	19400     	1800.000000	17770.7   	1800.000000	24292.2   	
1850.000000	2.18215e+06	1850.000000	2.1332e+06	1850.000000	2.1653e+06	1850.000000	2.17465e+06	1850.000000	2.16532e+06	1850.000000	10124.3   	1850.000000	6475.4    	1850.000000	19939     	1850.000000	18307.5   	1850.000000	25052.8   	
1900.000000	2.25423e+06	1900.000000	2.2038e+06	1900.000000	2.2374e+06	1900.000000	2.24707e+06	1900.000000	2.23742e+06	1900.000000	10352.9   	1900.000000	6686.61   	1900.000000	20473.3   	1900.000000	18841.4   	1900.000000	25809.9   	
1950.000000	2.32622e+06	1950.000000	2.27439e+06	1950.000000	2.30958e+06	1950.000000	2.31957e+06	1950.000000	2.3096e+06	1950.000000	10578.2   	1950.000000	6898.6    	1950.000000	21002.9   	1950.000000	19372.2   	1950.000000	26563.6   	
2000.000000	2.39812e+06	2000.000000	2.34496e+06	2000.000000	2.38183e+06	2000.000000	2.39214e+06	2000.000000	2.38185e+06	2000.000000	10800.2   	2000.000000	7111.37   	2000.000000	21527.9   	2000.000000	19900     	2000.000000	27313.6   	
2100.000000	2.54155e+06	2100.000000	2.48597e+06	2100.000000	2.52648e+06	2100.000000	2.53745e+06	2100.000000	2.5265e+06	2100.000000	11235.1   	2100.000000	7539.26   	2100.000000	22564.4   	2100.000000	20946.2   	2100.000000	28802.5   	
2200.000000	2.68439e+06	2200.000000	2.62674e+06	2200.000000	2.67129e+06	2200.000000	2.68291e+06	2200.000000	2.67132e+06	2200.000000	11658.2   	2200.000000	7970.18   	2200.000000	23583     	2200.000000	21980.1   	2200.000000	30276.3   	
2300.000000	2.82653e+06	2300.000000	2.76718e+06	2300.000000	2.8162e+06	2300.000000	2.82846e+06	2300.000000	2.81623e+06	2300.000000	12070.1   	2300.000000	8404.04   	2300.000000	24584.3   	2300.000000	23001.5   	2300.000000	31734.9   	
2400.000000	2.96789e+06	2400.000000	2.90721e+06	2400.000000	2.96115e+06	2400.000000	2.97406e+06	2400.000000	2.96118e+06	2400.000000	12471.5   	2400.000000	8840.74   	2400.000000	25568.9   	2400.000000	24010.5   	2400.000000	33178     	
2500.000000	3.10836e+06	2500.000000	3.04678e+06	2500.000000	3.1061e+06	2500.000000	3.11966e+06	2500.000000	3.10614e+06	2500.000000	12862.8   	2500.000000	9280.18   	2500.000000	26537.1   	2500.000000	25007.1   	2500.000000	34605.7   	
2600.000000	3.2479e+06	2600.000000	3.18582e+06	2600.000000	3.25102e+06	2600.000000	3.26522e+06	2600.000000	3.25106e+06	2600.000000	13244.6   	2600.000000	9722.28   	2600.000000	27489.5   	2600.000000	25991.6   	2600.000000	36018     	
2700.000000	3.38645e+06	2700.000000	3.32429e+06	2700.000000	3.39587e+06	2700.000000	3.41072e+06	2700.000000	3.39592e+06	2700.000000	13617.3   	2700.000000	10167     	2700.000000	28426.7   	2700.000000	26964.1   	2700.000000	37414.9   	
2800.000000	3.52395e+06	2800.000000	3.46215e+06	2800.000000	3.54063e+06	2800.000000	3.55612e+06	2800.000000	3.54068e+06	2800.000000	13981.5   	2800.000000	10614.3   	2800.000000	29349     	2800.000000	27924.7   	2800.000000	38796.6   	
2900.000000	3.66036e+06	2900.000000	3.59936e+06	2900.000000	3.68528e+06	2900.000000	3.7014e+06	2900.000000	3.68533e+06	2900.000000	14337.5   	2900.000000	11064.1   	2900.000000	30257     	2900.000000	28873.6   	2900.000000	40163.3   	
3000.000000	3.79565e+06	3000.000000	3.7359e+06	3000.000000	3.8298e+06	3000.000000	3.84655e+06	3000.000000	3.82985e+06	3000.000000	14685.8   	3000.000000	11516.5   	3000.000000	31151.1   	3000.000000	29811.1   	3000.000000	41515.2   	
3200.000000	4.06276e+06	3200.000000	4.00687e+06	3200.000000	4.11838e+06	3200.000000	4.13639e+06	3200.000000	4.11843e+06	3200.000000	15360.4   	3200.000000	12428.8   	3200.000000	32899.5   	3200.000000	31652.7   	3200.000000	44175.3   	
3400.000000	4.32512e+06	3400.000000	4.27489e+06	3400.000000	4.40628e+06	3400.000000	4.42553e+06	3400.000000	4.40632e+06	3400.000000	16008.1   	3400.000000	13351.2   	3400.000000	34597.5   	3400.000000	33451.2   	3400.000000	46778.9   	
3600.000000	4.58262e+06	3600.000000	4.53987e+06	3600.000000	4.69343e+06	3600.000000	4.71389e+06	3600.000000	4.69345e+06	3600.000000	16631.1   	3600.000000	14283.7   	3600.000000	36248.5   	3600.000000	35208.5   	3600.000000	49328     	
3800.000000	4.83521e+06	3800.000000	4.80173e+06	3800.000000	4.97976e+06	3800.000000	5.00145e+06	3800.000000	4.97978e+06	3800.000000	17231.6   	3800.000000	15226.3   	3800.000000	37855.2   	3800.000000	36926.3   	3800.000000	51824.7   	
4000.000000	5.08289e+06	4000.000000	5.06044e+06	4000.000000	5.26527e+06	4000.000000	5.28816e+06	4000.000000	5.26528e+06	4000.000000	17811.4   	4000.000000	16178.9   	4000.000000	39420.4   	4000.000000	38606.4   	4000.000000	54270.9   	
4200.000000	5.32566e+06	4200.000000	5.31597e+06	4200.000000	5.54991e+06	4200.000000	5.57401e+06	4200.000000	5.54992e+06	4200.000000	18372     	4200.000000	17141.5   	4200.000000	40946.5   	4200.000000	40250.6   	4200.000000	56668.8   	
4400.000000	5.56357e+06	4400.000000	5.56833e+06	4400.000000	5.8337e+06	4400.000000	5.85899e+06	4400.000000	5.8337e+06	4400.000000	18914.9   	4400.000000	18114     	4400.000000	42435.8   	4400.000000	41860.3   	4400.000000	59020.4   	
4600.000000	5.79667e+06	4600.000000	5.81753e+06	4600.000000	6.11662e+06	4600.000000	6.1431e+06	4600.000000	6.11662e+06	4600.000000	19441.4   	4600.000000	19096.3   	4600.000000	43890.3   	4600.000000	43437.2   	4600.000000	61327.5   	
4800.000000	6.02505e+06	4800.000000	6.06359e+06	4800.000000	6.39867e+06	4800.000000	6.42634e+06	4800.000000	6.39868e+06	4800.000000	19952.6   	4800.000000	20088.1   	4800.000000	45312     	4800.000000	44982.6   	4800.000000	63592.1   	
5000.000000	6.24877e+06	5000.000000	6.30655e+06	5000.000000	6.67988e+06	5000.000000	6.70872e+06	5000.000000	6.67989e+06	5000.000000	20449.7   	5000.000000	21089.4   	5000.000000	46702.7   	5000.000000	46498.1   	5000.000000	65815.7   	
5250.000000	6.52203e+06	5250.000000	6.60594e+06	5250.000000	7.0302e+06	5250.000000	7.0605e+06	5250.000000	7.03022e+06	5250.000000	21052.3   	5250.000000	22354     	5250.000000	48399.9   	5250.000000	48352.1   	5250.000000	68540.2   	
5500.000000	6.78836e+06	5500.000000	6.90063e+06	5500.000000	7.37923e+06	5500.000000	7.41098e+06	5500.000000	7.37926e+06	5500.000000	21635.8   	5500.000000	23633     	5500.000000	50053.9   	5500.000000	50163.6   	5500.000000	71206.6   	
6000.000000	7.30099e+06	6000.000000	7.47628e+06	6000.000000	8.07354e+06	6000.000000	8.10815e+06	6000.000000	8.07358e+06	6000.000000	22751     	6000.000000	26232.7   	6000.000000	53243.2   	6000.000000	53667.7   	6000.000000	76375.7   	
6500.000000	7.78825e+06	6500.000000	8.0343e+06	6500.000000	8.76304e+06	6500.000000	8.80046e+06	6500.000000	8.76309e+06	6500.000000	23804.8   	6500.000000	28887     	6500.000000	56289     	6500.000000	57026.2   	6500.000000	81344     	
7000.000000	8.25174e+06	7000.000000	8.57552e+06	7000.000000	9.44798e+06	7000.000000	9.48818e+06	7000.000000	9.44805e+06	7000.000000	24805.3   	7000.000000	31594.4   	7000.000000	59206.6   	7000.000000	60252.7   	7000.000000	86129.3   	
7500.000000	8.69297e+06	7500.000000	9.10077e+06	7500.000000	1.01286e+07	7500.000000	1.01715e+07	7500.000000	1.01287e+07	7500.000000	25758.8   	7500.000000	34353.5   	7500.000000	62009.3   	7500.000000	63359.2   	7500.000000	90747.5   	
8000.000000	9.11338e+06	8000.000000	9.61086e+06	8000.000000	1.08052e+07	8000.000000	1.08508e+07	8000.000000	1.08053e+07	8000.000000	26670.5   	8000.000000	37163.5   	8000.000000	64707.8   	8000.000000	66355.9   	8000.000000	95212.5   	
8500.000000	9.51435e+06	8500.000000	1.01066e+07	8500.000000	1.14779e+07	8500.000000	1.15262e+07	8500.000000	1.14781e+07	8500.000000	27545     	8500.000000	40022.9   	8500.000000	67311.9   	8500.000000	69251.9   	8500.000000	99536.6   	
9000.000000	9.89714e+06	9000.000000	1.05886e+07	9000.000000	1.2147e+07	9000.000000	1.21979e+07	9000.000000	1.21472e+07	9000.000000	28386     	9000.000000	42928.4   	9000.000000	69829.6   	9000.000000	72055.2   	9000.000000	103730    	
9500.000000	1.02629e+07	9500.000000	1.10577e+07	9500.000000	1.28127e+07	9500.000000	1.28662e+07	9500.000000	1.28129e+07	9500.000000	29196.6   	9500.000000	45878.9   	9500.000000	72268.2   	9500.000000	74772.8   	9500.000000	107804    	
10000.000000	1.06127e+07	10000.000000	1.15145e+07	10000.000000	1.34752e+07	10000.000000	1.35311e+07	10000.000000	1.34753e+07	10000.000000	29979.5   	10000.000000	48874.7   	10000.000000	74633.7   	10000.000000	77411     	10000.000000	111765    	
11000.000000	1.12686e+07	11000.000000	1.23936e+07	11000.000000	1.47909e+07	11000.000000	1.48518e+07	11000.000000	1.4791e+07	11000.000000	31471.8   	11000.000000	55002.1   	11000.000000	79167.4   	11000.000000	82470.6   	11000.000000	119381    	
12000.000000	1.18718e+07	12000.000000	1.32303e+07	12000.000000	1.60954e+07	12000.000000	1.61612e+07	12000.000000	1.60955e+07	12000.000000	32878.3   	12000.000000	61301.6   	12000.000000	83467.7   	12000.000000	87272.2   	12000.000000	126630    	
13000.000000	1.24284e+07	13000.000000	1.40284e+07	13000.000000	1.73897e+07	13000.000000	1.74603e+07	13000.000000	1.73898e+07	13000.000000	34211.2   	13000.000000	67765.5   	13000.000000	87564     	13000.000000	91846.4   	13000.000000	133556    	
14000.000000	1.29436e+07	14000.000000	1.47914e+07	14000.000000	1.86746e+07	14000.000000	1.87499e+07	14000.000000	1.86748e+07	14000.000000	35480     	14000.000000	74392.8   	14000.000000	91480.3   	14000.000000	96218.9   	14000.000000	140194    	
15000.000000	1.3422e+07	15000.000000	1.55223e+07	15000.000000	1.9951e+07	15000.000000	2.00309e+07	15000.000000	1.99512e+07	15000.000000	36692.6   	15000.000000	81183     	15000.000000	95236.5   	15000.000000	100411    	15000.000000	146573    	
16000.000000	1.38673e+07	16000.000000	1.62236e+07	16000.000000	2.12195e+07	16000.000000	2.13039e+07	16000.000000	2.12197e+07	16000.000000	37855.4   	16000.000000	88130     	16000.000000	98849.1   	16000.000000	104440    	16000.000000	152719    	
17000.000000	1.42828e+07	17000.000000	1.68978e+07	17000.000000	2.24808e+07	17000.000000	2.25695e+07	17000.000000	2.24808e+07	17000.000000	38973.5   	17000.000000	95224.3   	17000.000000	102332    	17000.000000	108322    	17000.000000	158653    	
18000.000000	1.46715e+07	18000.000000	1.75468e+07	18000.000000	2.37352e+07	18000.000000	2.38281e+07	18000.000000	2.37351e+07	18000.000000	40051.4   	18000.000000	102456    	18000.000000	105697    	18000.000000	112069    	18000.000000	164393    	
19000.000000	1.50359e+07	19000.000000	1.81725e+07	19000.000000	2.49831e+07	19000.000000	2.50803e+07	19000.000000	2.4983e+07	19000.000000	41093     	19000.000000	109817    	19000.000000	108954    	19000.000000	115694    	19000.000000	169956    	
20000.000000	1.53782e+07	20000.000000	1.87766e+07	20000.000000	2.62251e+07	20000.000000	2.63265e+07	20000.000000	2.6225e+07	20000.000000	42101.4   	20000.000000	117300    	20000.000000	112112    	20000.000000	119205    	20000.000000	175355    	
21000.000000	1.57004e+07	21000.000000	1.93605e+07	21000.000000	2.74614e+07	21000.000000	2.75669e+07	21000.000000	2.74613e+07	21000.000000	43079.5   	21000.000000	124900    	21000.000000	115179    	21000.000000	122612    	21000.000000	180603    	
22000.000000	1.60041e+07	22000.000000	1.99256e+07	22000.000000	2.86924e+07	22000.000000	2.8802e+07	22000.000000	2.86924e+07	22000.000000	44029.6   	22000.000000	132624    	22000.000000	118162    	22000.000000	125922    	22000.000000	185710    	
23000.000000	1.6291e+07	23000.000000	2.04731e+07	23000.000000	2.99185e+07	23000.000000	3.0032e+07	23000.000000	2.99184e+07	23000.000000	44954     	23000.000000	140473    	23000.000000	121066    	23000.000000	129143    	23000.000000	190687    	
24000.000000	1.65623e+07	24000.000000	2.1004e+07	24000.000000	3.11397e+07	24000.000000	3.12572e+07	24000.000000	3.11397e+07	24000.000000	45854.4   	24000.000000	148436    	24000.000000	123897    	24000.000000	132279    	24000.000000	195541    	
25000.000000	1.68193e+07	25000.000000	2.15194e+07	25000.000000	3.23565e+07	25000.000000	3.24778e+07	25000.000000	3.23565e+07	25000.000000	46732.7   	25000.000000	156516    	25000.000000	126660    	25000.000000	135337    	25000.000000	200281    	
26000.000000	1.70632e+07	26000.000000	2.20201e+07	26000.000000	3.3569e+07	26000.000000	3.36941e+07	26000.000000	3.3569e+07	26000.000000	47590.2   	26000.000000	164714    	26000.000000	129359    	26000.000000	138321    	26000.000000	204914    	
27000.000000	1.72948e+07	27000.000000	2.25071e+07	27000.000000	3.47774e+07	27000.000000	3.49062e+07	27000.000000	3.47775e+07	27000.000000	48428.3   	27000.000000	173024    	27000.000000	131998    	27000.000000	141236    	27000.000000	209446    	
28000.000000	1.75151e+07	28000.000000	2.2981e+07	28000.000000	3.59819e+07	28000.000000	3.61144e+07	28000.000000	3.59821e+07	28000.000000	49248.2   	28000.000000	181441    	28000.000000	134581    	28000.000000	144086    	28000.000000	213883    	
29000.000000	1.77248e+07	29000.000000	2.34426e+07	29000.000000	3.71828e+07	29000.000000	3.73189e+07	29000.000000	3.71829e+07	29000.000000	50051     	29000.000000	189963    	29000.000000	137110    	29000.000000	146875    	29000.000000	218229    	
30000.000000	1.79248e+07	30000.000000	2.38924e+07	30000.000000	3.838e+07 	30000.000000	3.85196e+07	30000.000000	3.83802e+07	30000.000000	50837.6   	30000.000000	198589    	30000.000000	139588    	30000.000000	149605    	30000.000000	222491    	
32000.000000	1.82979e+07	32000.000000	2.47594e+07	32000.000000	4.07645e+07	32000.000000	4.09109e+07	32000.000000	4.07648e+07	32000.000000	52366     	32000.000000	216148    	32000.000000	144404    	32000.000000	154903    	32000.000000	230775    	
34000.000000	1.86391e+07	34000.000000	2.55862e+07	34000.000000	4.31365e+07	34000.000000	4.32894e+07	34000.000000	4.31368e+07	34000.000000	53839.7   	34000.000000	234098    	34000.000000	149046    	34000.000000	160002    	34000.000000	238766    	
36000.000000	1.89522e+07	36000.000000	2.63764e+07	36000.000000	4.54968e+07	36000.000000	4.5656e+07	36000.000000	4.54971e+07	36000.000000	55264     	36000.000000	252423    	36000.000000	153532    	36000.000000	164921    	36000.000000	246490    	
38000.000000	1.92404e+07	38000.000000	2.71332e+07	38000.000000	4.78463e+07	38000.000000	4.80114e+07	38000.000000	4.78466e+07	38000.000000	56643.3   	38000.000000	271107    	38000.000000	157873    	38000.000000	169674    	38000.000000	253972    	
40000.000000	1.95067e+07	40000.000000	2.78594e+07	40000.000000	5.01857e+07	40000.000000	5.03565e+07	40000.000000	5.01861e+07	40000.000000	57981.6   	40000.000000	290138    	40000.000000	162083    	40000.000000	174276    	40000.000000	261229    	
42000.000000	1.97532e+07	42000.000000	2.85575e+07	42000.000000	5.25157e+07	42000.000000	5.26918e+07	42000.000000	5.2516e+07	42000.000000	59282.2   	42000.000000	309504    	42000.000000	166171    	42000.000000	178738    	42000.000000	268279    	
44000.000000	1.99821e+07	44000.000000	2.92296e+07	44000.000000	5.48367e+07	44000.000000	5.50179e+07	44000.000000	5.48371e+07	44000.000000	60548     	44000.000000	329195    	44000.000000	170147    	44000.000000	183071    	44000.000000	275139    	
46000.000000	2.01952e+07	46000.000000	2.98776e+07	46000.000000	5.71493e+07	46000.000000	5.73354e+07	46000.000000	5.71499e+07	46000.000000	61781.7   	46000.000000	349200    	46000.000000	174018    	46000.000000	187285    	46000.000000	281820    	
48000.000000	2.0394e+07	48000.000000	3.05033e+07	48000.000000	5.9454e+07	48000.000000	5.96447e+07	48000.000000	5.94547e+07	48000.000000	62985.5   	48000.000000	369509    	48000.000000	177792    	48000.000000	191387    	48000.000000	288335    	
50000.000000	2.05798e+07	50000.000000	3.11081e+07	50000.000000	6.1751e+07	50000.000000	6.19462e+07	50000.000000	6.1752e+07	50000.000000	64161.4   	50000.000000	390113    	50000.000000	181474    	50000.000000	195385    	50000.000000	294695    	
