! 11C range in Si
! apply ZOOM for details
Energy (MeV/u)1	0 - [He-base] F.Hubert et al, AD&ND Tables 46(1990)1	Energy (MeV/u)2	1 - [H -base] J.F.Ziegler et al,Pergamon Press,NY(low energy)	Energy (MeV/u)3	2 - ATIMA 1.2 LS-theory (recommended for high energy)	Energy (MeV/u)4	3 - ATIMA 1.2 without LS-correction	Energy (MeV/u)5	4 - ATIMA 1.4 H.Weick, improved mean charge formula for HI	Energy (MeV/u)6	5 - Range straggling - method [0] - LISE	Energy (MeV/u)7	6 - Range straggling - method [1] - Atima	Energy (MeV/u)8	7 - Lateral range - method [0] - LISE	Energy (MeV/u)9	8 - Lateral range - method [1] - Atima	Energy (MeV/u)10	9 - Lateral range - method [2] - PDG	
0.001000	0.0457925 	0.001000	0.0457925 	0.001000	0.040057  	0.001000	0.040057  	0.001000	0.040055  	0.001000	0         	0.001000	0         	0.001000	0.000490424	0.001000	0.000803688	0.001000	0.000361585	
0.002000	0.0930752 	0.002000	0.0915851 	0.002000	0.080114  	0.002000	0.080114  	0.002000	0.08011   	0.002000	0.00584335	0.002000	0.00584335	0.002000	0.00143615	0.002000	0.00227356	0.002000	0.00110434	
0.005000	0.218537  	0.005000	0.213093  	0.005000	0.185416  	0.005000	0.185416  	0.005000	0.185409  	0.005000	0.00698788	0.005000	0.00698788	0.005000	0.00523402	0.005000	0.00798506	0.005000	0.00418527	
0.008000	0.328974  	0.008000	0.32005   	0.008000	0.277899  	0.008000	0.277899  	0.008000	0.277891  	0.008000	0.00704133	0.008000	0.00704133	0.008000	0.00977502	0.008000	0.0146442 	0.008000	0.00795223	
0.010000	0.396883  	0.010000	0.385818  	0.010000	0.334843  	0.010000	0.334843  	0.010000	0.334834  	0.010000	0.00723277	0.010000	0.00723277	0.010000	0.0130346 	0.010000	0.0193654 	0.010000	0.0106839 	
0.015000	0.551936  	0.015000	0.535985  	0.015000	0.465384  	0.015000	0.465384  	0.015000	0.465374  	0.015000	0.00823052	0.015000	0.00823052	0.015000	0.0216632 	0.015000	0.0317215 	0.015000	0.0179796 	
0.020000	0.681444  	0.020000	0.661412  	0.020000	0.577946  	0.020000	0.577946  	0.020000	0.577936  	0.020000	0.00938957	0.020000	0.00938957	0.020000	0.0302147 	0.020000	0.0438705 	0.020000	0.0252533 	
0.025000	0.789842  	0.025000	0.766394  	0.025000	0.67524   	0.025000	0.67524   	0.025000	0.675229  	0.025000	0.0103977 	0.025000	0.0103977 	0.025000	0.0383392 	0.025000	0.0553655 	0.025000	0.032185  	
0.030000	0.883626  	0.030000	0.857222  	0.030000	0.761613  	0.030000	0.761613  	0.030000	0.761602  	0.030000	0.0112484 	0.030000	0.0112484 	0.030000	0.0460885 	0.030000	0.0662903 	0.030000	0.0388141 	
0.035000	0.966867  	0.035000	0.93784   	0.035000	0.840153  	0.035000	0.840153  	0.035000	0.840142  	0.035000	0.0119794 	0.035000	0.0119794 	0.035000	0.0535561 	0.035000	0.0767817 	0.035000	0.0452184 	
0.040000	1.04223   	0.040000	1.01083   	0.040000	0.912575  	0.040000	0.912575  	0.040000	0.912564  	0.040000	0.0126142 	0.040000	0.0126142 	0.040000	0.0607824 	0.040000	0.0869039 	0.040000	0.0514289 	
0.045000	1.11159   	0.045000	1.07801   	0.045000	0.980128  	0.045000	0.980128  	0.045000	0.980117  	0.045000	0.0131734 	0.045000	0.0131734 	0.045000	0.0678087 	0.045000	0.0967194 	0.045000	0.0574795 	
0.050000	1.17629   	0.050000	1.14066   	0.050000	1.04375   	0.050000	1.04375   	0.050000	1.04374   	0.050000	0.0136735 	0.050000	0.0135019 	0.050000	0.0746721 	0.050000	0.106283  	0.050000	0.0634003 	
0.055000	1.2373    	0.055000	1.19975   	0.055000	1.10415   	0.055000	1.10415   	0.055000	1.10414   	0.055000	0.014127  	0.055000	0.013706  	0.055000	0.0814053 	0.055000	0.115642  	0.055000	0.069219  	
0.060000	1.29539   	0.060000	1.25601   	0.060000	1.16189   	0.060000	1.16189   	0.060000	1.16188   	0.060000	0.0145434 	0.060000	0.0138951 	0.060000	0.0880366 	0.060000	0.124837  	0.060000	0.0749591 	
0.070000	1.40497   	0.070000	1.36213   	0.070000	1.2711    	0.070000	1.2711    	0.070000	1.27109   	0.070000	0.0152933 	0.070000	0.0142405 	0.070000	0.0990545 	0.070000	0.14006   	0.070000	0.0845189 	
0.080000	1.5083    	0.080000	1.46221   	0.080000	1.37401   	0.080000	1.37401   	0.080000	1.374     	0.080000	0.0159652 	0.080000	0.0145564 	0.080000	0.107845  	0.080000	0.152144  	0.080000	0.092171  	
0.090000	1.60748   	0.090000	1.55826   	0.090000	1.4724    	0.090000	1.4724    	0.090000	1.47239   	0.090000	0.0165857 	0.090000	0.014854  	0.090000	0.115315  	0.090000	0.162362  	0.090000	0.0986938 	
0.100000	1.70371   	0.100000	1.65146   	0.100000	1.56754   	0.100000	1.56754   	0.100000	1.56753   	0.100000	0.017172  	0.100000	0.0151407 	0.100000	0.121752  	0.100000	0.171122  	0.100000	0.104333  	
0.120000	1.89071   	0.120000	1.83257   	0.120000	1.75136   	0.120000	1.75136   	0.120000	1.75135   	0.120000	0.0182858 	0.120000	0.0157006 	0.120000	0.132793  	0.120000	0.185919  	0.120000	0.114046  	
0.140000	2.07382   	0.140000	2.0099    	0.140000	1.93015   	0.140000	1.93015   	0.140000	1.93013   	0.140000	0.0193637 	0.140000	0.0162614 	0.140000	0.142242  	0.140000	0.198279  	0.140000	0.122404  	
0.160000	2.25526   	0.160000	2.18563   	0.160000	2.10649   	0.160000	2.10649   	0.160000	2.10648   	0.160000	0.0204344 	0.160000	0.0168359 	0.160000	0.150701  	0.160000	0.209229  	0.160000	0.12992   	
0.180000	2.43673   	0.180000	2.36138   	0.180000	2.28186   	0.180000	2.28186   	0.180000	2.28184   	0.180000	0.0215117 	0.180000	0.0174302 	0.180000	0.15839   	0.180000	0.219092  	0.180000	0.136783  	
0.200000	2.61888   	0.200000	2.53779   	0.200000	2.45709   	0.200000	2.45709   	0.200000	2.45708   	0.200000	0.0226022 	0.200000	0.0180468 	0.200000	0.16565   	0.200000	0.228328  	0.200000	0.143283  	
0.250000	3.07779   	0.250000	2.98223   	0.250000	2.89728   	0.250000	2.89728   	0.250000	2.89727   	0.250000	0.0253944 	0.250000	0.0196853 	0.250000	0.182086  	0.250000	0.248982  	0.250000	0.158089  	
0.300000	3.53963   	0.300000	3.42952   	0.300000	3.34243   	0.300000	3.34243   	0.300000	3.34242   	0.300000	0.0282683 	0.300000	0.021444  	0.300000	0.197131  	0.300000	0.267594  	0.300000	0.17173   	
0.350000	3.99772   	0.350000	3.87318   	0.350000	3.79323   	0.350000	3.79323   	0.350000	3.79322   	0.350000	0.0311995 	0.350000	0.0232951 	0.350000	0.211178  	0.350000	0.284762  	0.350000	0.184533  	
0.400000	4.45549   	0.400000	4.31652   	0.400000	4.24973   	0.400000	4.24973   	0.400000	4.24972   	0.400000	0.0341685 	0.400000	0.0252149 	0.400000	0.224455  	0.400000	0.30082   	0.400000	0.196694  	
0.450000	4.9161    	0.450000	4.76261   	0.450000	4.70939   	0.450000	4.70939   	0.450000	4.70937   	0.450000	0.0371166 	0.450000	0.0271553 	0.450000	0.237196  	0.450000	0.316085  	0.450000	0.208401  	
0.500000	5.38003   	0.500000	5.21192   	0.500000	5.17164   	0.500000	5.17164   	0.500000	5.17163   	0.500000	0.0400322 	0.500000	0.0291    	0.500000	0.249388  	0.500000	0.330574  	0.500000	0.219645  	
0.600000	6.3144    	0.600000	6.11685   	0.600000	6.10768   	0.600000	6.10768   	0.600000	6.10767   	0.600000	0.045837  	0.600000	0.0330254 	0.600000	0.272777  	0.600000	0.358066  	0.600000	0.241304  	
0.700000	7.2634    	0.700000	7.03594   	0.700000	7.06434   	0.700000	7.06434   	0.700000	7.06433   	0.700000	0.0517009 	0.700000	0.0370368 	0.700000	0.295195  	0.700000	0.384104  	0.700000	0.262164  	
0.800000	8.23092   	0.800000	7.97297   	0.800000	8.04679   	0.800000	8.04679   	0.800000	8.04678   	0.800000	0.0577108 	0.800000	0.0411735 	0.800000	0.317048  	0.800000	0.409252  	0.800000	0.28258   	
0.900000	9.22128   	0.900000	8.93212   	0.900000	9.05666   	0.900000	9.05666   	0.900000	9.05664   	0.900000	0.0638894 	0.900000	0.0454382 	0.900000	0.338587  	0.900000	0.433842  	0.900000	0.302759  	
1.000000	10.2355   	1.000000	9.91434   	1.000000	10.095    	1.000000	10.095    	1.000000	10.095    	1.000000	0.0702523 	1.000000	0.0498324 	1.000000	0.359862  	1.000000	0.457987  	1.000000	0.32275   	
1.250000	12.8917   	1.250000	12.4869   	1.250000	12.821    	1.250000	12.821    	1.250000	12.821    	1.250000	0.0870452 	1.250000	0.061529  	1.250000	0.412775  	1.250000	0.517488  	1.250000	0.372636  	
1.500000	15.7636   	1.500000	15.2682   	1.500000	15.749    	1.500000	15.749    	1.500000	15.749    	1.500000	0.105375  	1.500000	0.0749748 	1.500000	0.466119  	1.500000	0.57688   	1.500000	0.423137  	
1.750000	18.864    	1.750000	18.271    	1.750000	18.8817   	1.750000	18.8817   	1.750000	18.8816   	1.750000	0.125254  	1.750000	0.0898636 	1.750000	0.520572  	1.750000	0.636971  	1.750000	0.474833  	
2.000000	22.1998   	2.000000	21.5017   	2.000000	22.2161   	2.000000	22.2161   	2.000000	22.2161   	2.000000	0.14663   	2.000000	0.105891  	2.000000	0.576361  	2.000000	0.698081  	2.000000	0.527916  	
2.250000	25.7836   	2.250000	24.9725   	2.250000	25.7509   	2.250000	25.7509   	2.250000	25.7508   	2.250000	0.169483  	2.250000	0.122902  	2.250000	0.633574  	2.250000	0.760416  	2.250000	0.582463  	
2.500000	29.6007   	2.500000	28.6727   	2.500000	29.4848   	2.500000	29.4848   	2.500000	29.4848   	2.500000	0.19381   	2.500000	0.140812  	2.500000	0.692473  	2.500000	0.82419   	2.500000	0.638698  	
3.000000	37.5143   	3.000000	36.7286   	3.000000	37.5465   	3.000000	37.5465   	3.000000	37.5465   	3.000000	0.24688   	3.000000	0.179151  	3.000000	0.804077  	3.000000	0.956484  	3.000000	0.745616  	
3.500000	46.2399   	3.500000	45.6238   	3.500000	46.3935   	3.500000	46.3935   	3.500000	46.3934   	3.500000	0.305829  	3.500000	0.220707  	3.500000	0.91198   	3.500000	1.07924   	3.500000	0.849268  	
4.000000	55.7723   	4.000000	55.3314   	4.000000	56.0175   	4.000000	56.0175   	4.000000	56.0175   	4.000000	0.37063   	4.000000	0.265372  	4.000000	1.02872   	4.000000	1.20373   	4.000000	0.961456  	
4.500000	66.1048   	4.500000	65.8275   	4.500000	66.4099   	4.500000	66.4099   	4.500000	66.4098   	4.500000	0.441238  	4.500000	0.313043  	4.500000	1.15407   	4.500000	1.33663   	4.500000	1.082     	
5.000000	77.2298   	5.000000	77.0942   	5.000000	77.5618   	5.000000	77.5618   	5.000000	77.5618   	5.000000	0.517599  	5.000000	0.363641  	5.000000	1.28785   	5.000000	1.47763   	5.000000	1.21077   	
5.500000	89.1399   	5.500000	89.1177   	5.500000	89.4647   	5.500000	89.4647   	5.500000	89.4646   	5.500000	0.599654  	5.500000	0.417103  	5.500000	1.42988   	5.500000	1.62647   	5.500000	1.34757   	
6.000000	101.828   	6.000000	101.886   	6.000000	102.11    	6.000000	102.11    	6.000000	102.11    	6.000000	0.687343  	6.000000	0.473376  	6.000000	1.58003   	6.000000	1.78295   	6.000000	1.49232   	
6.500000	115.285   	6.500000	115.389   	6.500000	115.49    	6.500000	115.49    	6.500000	115.49    	6.500000	0.780608  	6.500000	0.532404  	6.500000	1.73815   	6.500000	1.94688   	6.500000	1.64487   	
7.000000	129.506   	7.000000	129.618   	7.000000	129.596   	7.000000	129.596   	7.000000	129.596   	7.000000	0.879392  	7.000000	0.59414   	7.000000	1.90416   	7.000000	2.1181    	7.000000	1.80514   	
7.500000	144.484   	7.500000	144.564   	7.500000	144.422   	7.500000	144.422   	7.500000	144.422   	7.500000	0.98364   	7.500000	0.658538  	7.500000	2.07793   	7.500000	2.29647   	7.500000	1.97303   	
8.000000	160.211   	8.000000	160.219   	8.000000	159.96    	8.000000	159.96    	8.000000	159.96    	8.000000	1.0933    	8.000000	0.725558  	8.000000	2.25937   	8.000000	2.48186   	8.000000	2.14846   	
8.500000	176.681   	8.500000	176.577   	8.500000	176.205   	8.500000	176.205   	8.500000	176.204   	8.500000	1.20833   	8.500000	0.795162  	8.500000	2.44841   	8.500000	2.67418   	8.500000	2.33135   	
9.000000	193.889   	9.000000	193.63    	9.000000	193.148   	9.000000	193.148   	9.000000	193.148   	9.000000	1.32867   	9.000000	0.867315  	9.000000	2.64497   	9.000000	2.8733    	9.000000	2.52163   	
9.500000	211.828   	9.500000	211.373   	9.500000	210.786   	9.500000	210.786   	9.500000	210.785   	9.500000	1.45428   	9.500000	0.941983  	9.500000	2.84897   	9.500000	3.07915   	9.500000	2.71922   	
10.000000	230.492   	10.000000	229.795   	10.000000	229.111   	10.000000	229.111   	10.000000	229.111   	10.000000	1.58513   	10.000000	1.01913   	10.000000	3.06034   	10.000000	3.29162   	10.000000	2.92408   	
11.000000	269.976   	11.000000	268.507   	11.000000	267.835   	11.000000	267.819   	11.000000	267.83    	11.000000	1.86289   	11.000000	1.1811    	11.000000	3.50533   	11.000000	3.73651   	11.000000	3.35569   	
12.000000	312.299   	12.000000	309.908   	12.000000	309.322   	12.000000	309.259   	12.000000	309.303   	12.000000	2.16235   	12.000000	1.35341   	12.000000	3.98003   	12.000000	4.20789   	12.000000	3.81657   	
13.000000	357.421   	13.000000	353.978   	13.000000	353.546   	13.000000	353.412   	13.000000	353.511   	13.000000	2.48343   	13.000000	1.53592   	13.000000	4.48429   	13.000000	4.7055    	13.000000	4.3066    	
14.000000	405.306   	14.000000	400.699   	14.000000	400.489   	14.000000	400.257   	14.000000	400.432   	14.000000	2.82609   	14.000000	1.72851   	14.000000	5.01797   	14.000000	5.22908   	14.000000	4.82566   	
15.000000	455.918   	15.000000	450.05    	15.000000	450.13    	15.000000	449.78    	15.000000	450.051   	15.000000	3.19026   	15.000000	1.9312    	15.000000	5.58095   	15.000000	5.77844   	15.000000	5.37367   	
16.000000	509.225   	16.000000	502.009   	16.000000	502.454   	16.000000	501.966   	16.000000	502.352   	16.000000	3.5759    	16.000000	2.14395   	16.000000	6.17315   	16.000000	6.35337   	16.000000	5.95054   	
17.000000	565.195   	17.000000	556.557   	17.000000	557.445   	17.000000	556.8     	17.000000	557.32    	17.000000	3.98298   	17.000000	2.36665   	17.000000	6.79448   	17.000000	6.95371   	17.000000	6.55623   	
18.000000	623.798   	18.000000	613.674   	18.000000	615.087   	18.000000	614.272   	18.000000	614.941   	18.000000	4.41146   	18.000000	2.59918   	18.000000	7.44486   	18.000000	7.57932   	18.000000	7.19067   	
19.000000	685.006   	19.000000	673.338   	19.000000	675.37    	19.000000	674.37    	19.000000	675.203   	19.000000	4.86132   	19.000000	2.84154   	19.000000	8.12421   	19.000000	8.23003   	19.000000	7.85381   	
20.000000	748.791   	20.000000	735.53    	20.000000	738.284   	20.000000	737.084   	20.000000	738.096   	20.000000	5.33253   	20.000000	3.09375   	20.000000	8.83248   	20.000000	8.90574   	20.000000	8.54562   	
21.000000	815.128   	21.000000	800.231   	21.000000	803.814   	21.000000	802.406   	21.000000	803.607   	21.000000	5.82508   	21.000000	3.35586   	21.000000	9.56963   	21.000000	9.60634   	21.000000	9.26608   	
22.000000	883.991   	22.000000	867.42    	22.000000	871.951   	22.000000	870.326   	22.000000	871.728   	22.000000	6.33895   	22.000000	3.6278    	22.000000	10.3356   	22.000000	10.3317   	22.000000	10.0151   	
23.000000	955.356   	23.000000	937.081   	23.000000	942.686   	23.000000	940.837   	23.000000	942.449   	23.000000	6.87412   	23.000000	3.90946   	23.000000	11.1304   	23.000000	11.0818   	23.000000	10.7928   	
24.000000	1029.2    	24.000000	1009.19   	24.000000	1016.01   	24.000000	1013.93   	24.000000	1015.76   	24.000000	7.43058   	24.000000	4.20079   	24.000000	11.9539   	24.000000	11.8564   	24.000000	11.5991   	
25.000000	1105.5    	25.000000	1083.74   	25.000000	1091.92   	25.000000	1089.6    	25.000000	1091.65   	25.000000	8.00833   	25.000000	4.50181   	25.000000	12.8061   	25.000000	12.6556   	25.000000	12.4339   	
27.000000	1265.38   	27.000000	1240.07   	27.000000	1251.46   	27.000000	1248.65   	27.000000	1251.16   	27.000000	9.22757   	27.000000	5.13265   	27.000000	14.5966   	27.000000	14.3271   	27.000000	14.1893   	
29.000000	1434.84   	29.000000	1405.92   	29.000000	1421.23   	29.000000	1417.92   	29.000000	1420.89   	29.000000	10.5317   	29.000000	5.80145   	29.000000	16.5016   	29.000000	16.0958   	29.000000	16.0589   	
31.000000	1613.72   	31.000000	1581.18   	31.000000	1601.06   	31.000000	1597.28   	31.000000	1600.71   	31.000000	11.9183   	31.000000	6.50735   	31.000000	18.5195   	31.000000	17.96     	31.000000	18.0412   	
33.000000	1801.87   	33.000000	1765.71   	33.000000	1790.32   	33.000000	1786.11   	33.000000	1789.95   	33.000000	13.3744   	33.000000	7.2438    	33.000000	20.6416   	33.000000	19.9117   	33.000000	20.128    	
35.000000	1999.16   	35.000000	1959.39   	35.000000	1988.78   	35.000000	1984.21   	35.000000	1988.38   	35.000000	14.8973   	35.000000	8.00914   	35.000000	22.8653   	35.000000	21.9485   	35.000000	22.3168   	
38.000000	2311.93   	38.000000	2266.81   	38.000000	2303.44   	38.000000	2298.43   	38.000000	2303.01   	38.000000	17.3062   	38.000000	9.21071   	38.000000	26.3877   	38.000000	25.1597   	38.000000	25.7881   	
41.000000	2644.54   	41.000000	2594.18   	41.000000	2638.09   	41.000000	2632.8    	41.000000	2637.65   	41.000000	19.8626   	41.000000	10.4763   	41.000000	30.13     	41.000000	28.5538   	41.000000	29.4812   	
44.000000	2996.6    	44.000000	2941.15   	44.000000	2992.38   	44.000000	2986.94   	44.000000	2991.93   	44.000000	22.5639   	44.000000	11.8041   	44.000000	34.0874   	44.000000	32.1262   	44.000000	33.3921   	
47.000000	3367.75   	47.000000	3307.36   	47.000000	3365.97   	47.000000	3360.5    	47.000000	3365.51   	47.000000	25.4076   	47.000000	13.194    	47.000000	38.2556   	47.000000	35.8729   	47.000000	37.5169   	
50.000000	3757.64   	50.000000	3692.5    	50.000000	3758.49   	50.000000	3753.15   	50.000000	3758.04   	50.000000	28.391    	50.000000	14.6436   	50.000000	42.6303   	50.000000	39.7899   	50.000000	41.8519   	
55.000000	4448.23   	55.000000	4375.6    	55.000000	4453.97   	55.000000	4449.12   	55.000000	4453.56   	55.000000	33.6664   	55.000000	17.1895   	55.000000	50.3697   	55.000000	46.6871   	55.000000	49.5348   	
60.000000	5188.58   	60.000000	5109.02   	60.000000	5199.87   	60.000000	5195.84   	60.000000	5199.5    	60.000000	39.31     	60.000000	19.8937   	60.000000	58.6543   	60.000000	54.0323   	60.000000	57.7772   	
65.000000	5977.39   	65.000000	5891.47   	65.000000	5994.99   	65.000000	5992.04   	65.000000	5994.59   	65.000000	45.3097   	65.000000	22.7489   	65.000000	67.4679   	65.000000	61.8113   	65.000000	66.5651   	
70.000000	6813.46   	70.000000	6721.72   	70.000000	6838.02   	70.000000	6836.51   	70.000000	6837.63   	70.000000	51.6539   	70.000000	25.7527   	70.000000	76.7951   	70.000000	70.0111   	70.000000	75.8854   	
75.000000	7695.68   	75.000000	7598.62   	75.000000	7727.87   	75.000000	7728.12   	75.000000	7727.49   	75.000000	58.3313   	75.000000	28.9003   	75.000000	86.6215   	75.000000	78.6195   	75.000000	85.7257   	
80.000000	8623      	80.000000	8521.08   	80.000000	8663.48   	80.000000	8665.78   	80.000000	8663.11   	80.000000	65.3312   	80.000000	32.1846   	80.000000	96.9332   	80.000000	87.6254   	80.000000	96.0744   	
85.000000	9594.44   	85.000000	9488.03   	85.000000	9643.81   	85.000000	9648.48   	85.000000	9643.45   	85.000000	72.643    	85.000000	35.6043   	85.000000	107.717   	85.000000	97.0181   	85.000000	106.92    	
90.000000	10609.1   	90.000000	10498.5   	90.000000	10667.9   	90.000000	10675.3   	90.000000	10667.6   	90.000000	80.2569   	90.000000	39.1555   	90.000000	118.961   	90.000000	106.788   	90.000000	118.253   	
95.000000	11666     	95.000000	11551.5   	95.000000	11734.8   	95.000000	11745.1   	95.000000	11734.5   	95.000000	88.1633   	95.000000	42.8326   	95.000000	130.653   	95.000000	116.924   	95.000000	130.062   	
100.000000	12764.4   	100.000000	12646.1   	100.000000	12843.7   	100.000000	12857.3   	100.000000	12843.4   	100.000000	96.3528   	100.000000	46.6328   	100.000000	142.78    	100.000000	127.419   	100.000000	142.337   	
105.000000	13903.5   	105.000000	13781.5   	105.000000	13993.7   	105.000000	14010.8   	105.000000	13993.4   	105.000000	104.816   	105.000000	50.5526   	105.000000	155.332   	105.000000	138.263   	105.000000	155.069   	
110.000000	15082.5   	110.000000	14956.8   	110.000000	15183.9   	110.000000	15204.9   	110.000000	15183.6   	110.000000	113.546   	110.000000	54.5897   	110.000000	168.299   	110.000000	149.448   	110.000000	168.248   	
115.000000	16300.7   	115.000000	16171.2   	115.000000	16413.6   	115.000000	16438.7   	115.000000	16413.3   	115.000000	122.532   	115.000000	58.7398   	115.000000	181.669   	115.000000	160.966   	115.000000	181.867   	
120.000000	17557.5   	120.000000	17423.8   	120.000000	17681.9   	120.000000	17711.5   	120.000000	17681.7   	120.000000	131.768   	120.000000	62.9978   	120.000000	195.433   	120.000000	172.81    	120.000000	195.916   	
125.000000	18852.1   	125.000000	18714     	125.000000	18988.3   	125.000000	19022.5   	125.000000	18988.1   	125.000000	141.246   	125.000000	67.3643   	125.000000	209.581   	125.000000	184.972   	125.000000	210.387   	
130.000000	20184     	130.000000	20041     	130.000000	20331.9   	130.000000	20371.1   	130.000000	20331.7   	130.000000	150.958   	130.000000	71.8343   	130.000000	224.104   	130.000000	197.445   	130.000000	225.272   	
135.000000	21552.4   	135.000000	21404     	135.000000	21712.1   	135.000000	21756.5   	135.000000	21711.9   	135.000000	160.896   	135.000000	76.4059   	135.000000	238.992   	135.000000	210.223   	135.000000	240.563   	
140.000000	22956.9   	140.000000	22802.5   	140.000000	23128.2   	140.000000	23178     	140.000000	23128     	140.000000	171.054   	140.000000	81.0789   	140.000000	254.237   	140.000000	223.298   	140.000000	256.253   	
145.000000	24396.9   	145.000000	24235.6   	145.000000	24579.5   	145.000000	24635     	145.000000	24579.3   	145.000000	181.426   	145.000000	85.8478   	145.000000	269.831   	145.000000	236.664   	145.000000	272.334   	
150.000000	25871.8   	150.000000	25702.9   	150.000000	26065.4   	150.000000	26126.8   	150.000000	26065.1   	150.000000	192.003   	150.000000	90.7097   	150.000000	285.764   	150.000000	250.316   	150.000000	288.798   	
155.000000	27401.9   	155.000000	27203.6   	155.000000	27585.2   	155.000000	27652.9   	155.000000	27585     	155.000000	202.781   	155.000000	95.6633   	155.000000	302.028   	155.000000	264.247   	155.000000	305.639   	
160.000000	28965.2   	160.000000	28737.1   	160.000000	29138.5   	160.000000	29212.6   	160.000000	29138.2   	160.000000	213.753   	160.000000	100.706   	160.000000	318.617   	160.000000	278.451   	160.000000	322.851   	
165.000000	30560.3   	165.000000	30302.9   	165.000000	30724.5   	165.000000	30805.4   	165.000000	30724.2   	165.000000	224.913   	165.000000	105.837   	165.000000	335.522   	165.000000	292.922   	165.000000	340.425   	
170.000000	32186.8   	170.000000	31900.4   	170.000000	32342.7   	170.000000	32430.6   	170.000000	32342.4   	170.000000	236.255   	170.000000	111.053   	170.000000	352.736   	170.000000	307.657   	170.000000	358.356   	
175.000000	33844.1   	175.000000	33529     	175.000000	33992.6   	175.000000	34087.7   	175.000000	33992.2   	175.000000	247.774   	175.000000	116.353   	175.000000	370.251   	175.000000	322.647   	175.000000	376.638   	
180.000000	35531.6   	180.000000	35188.1   	180.000000	35673.7   	180.000000	35776.2   	180.000000	35673.2   	180.000000	259.463   	180.000000	121.736   	180.000000	388.061   	180.000000	337.89    	180.000000	395.264   	
185.000000	37248.9   	185.000000	36877.3   	185.000000	37385.3   	185.000000	37495.5   	185.000000	37384.8   	185.000000	271.319   	185.000000	127.199   	185.000000	406.158   	185.000000	353.38    	185.000000	414.227   	
190.000000	38995.4   	190.000000	38596     	190.000000	39126.9   	190.000000	39245.1   	190.000000	39126.4   	190.000000	283.335   	190.000000	132.739   	190.000000	424.536   	190.000000	369.111   	190.000000	433.523   	
195.000000	40770.7   	195.000000	40343.7   	195.000000	40898.2   	195.000000	41024.5   	195.000000	40897.6   	195.000000	295.507   	195.000000	138.352   	195.000000	443.189   	195.000000	385.079   	195.000000	453.145   	
200.000000	42574.4   	200.000000	42120     	200.000000	42698.5   	200.000000	42833.2   	200.000000	42697.9   	200.000000	307.83    	200.000000	144.04    	200.000000	462.111   	200.000000	401.28    	200.000000	473.088   	
210.000000	46264.7   	210.000000	45756.2   	210.000000	46384.5   	210.000000	46536.7   	210.000000	46383.9   	210.000000	332.91    	210.000000	155.635   	210.000000	500.733   	210.000000	434.36    	210.000000	513.913   	
220.000000	50063     	220.000000	49500.9   	220.000000	50181.1   	220.000000	50351.8   	220.000000	50180.5   	220.000000	358.539   	220.000000	167.506   	220.000000	540.355   	220.000000	468.317   	220.000000	555.954   	
230.000000	53965.9   	230.000000	53350.6   	230.000000	54084.9   	230.000000	54275     	230.000000	54084.4   	230.000000	384.684   	230.000000	179.649   	230.000000	580.932   	230.000000	503.118   	230.000000	599.172   	
240.000000	57970.3   	240.000000	57302     	240.000000	58092.4   	240.000000	58302.8   	240.000000	58092     	240.000000	411.311   	240.000000	192.043   	240.000000	622.421   	240.000000	538.73    	240.000000	643.525   	
250.000000	62073     	250.000000	61351.9   	250.000000	62200.4   	250.000000	62431.9   	250.000000	62200.2   	250.000000	438.39    	250.000000	204.679   	250.000000	664.781   	250.000000	575.124   	250.000000	688.976   	
260.000000	66271.3   	260.000000	65497.2   	260.000000	66405.8   	260.000000	66659.4   	260.000000	66405.8   	260.000000	465.894   	260.000000	217.549   	260.000000	707.972   	260.000000	612.27    	260.000000	735.487   	
270.000000	70562.4   	270.000000	69735     	270.000000	70706     	270.000000	70982.1   	270.000000	70705.9   	270.000000	493.795   	270.000000	230.644   	270.000000	751.957   	270.000000	650.14    	270.000000	783.024   	
280.000000	74943.7   	280.000000	74062.5   	280.000000	75097.9   	280.000000	75397.1   	280.000000	75097.5   	280.000000	522.067   	280.000000	243.956   	280.000000	796.7     	280.000000	688.709   	280.000000	831.553   	
290.000000	79412.6   	290.000000	78477.1   	290.000000	79578.6   	290.000000	79901.8   	290.000000	79578.1   	290.000000	550.686   	290.000000	257.476   	290.000000	842.167   	290.000000	727.95    	290.000000	881.041   	
300.000000	83966.7   	300.000000	82976.1   	300.000000	84145.4   	300.000000	84493.4   	300.000000	84144.8   	300.000000	579.629   	300.000000	271.2     	300.000000	888.325   	300.000000	767.839   	300.000000	931.456   	
310.000000	88603.7   	310.000000	87557.1   	310.000000	88795.8   	310.000000	89169.4   	310.000000	88795.2   	310.000000	608.875   	310.000000	285.12    	310.000000	935.143   	310.000000	808.353   	310.000000	982.768   	
320.000000	93321.3   	320.000000	92217.7   	320.000000	93527.4   	320.000000	93927.3   	320.000000	93526.8   	320.000000	638.402   	320.000000	299.218   	320.000000	982.591   	320.000000	849.47    	320.000000	1034.95   	
330.000000	98117.5   	330.000000	96955.7   	330.000000	98337.7   	330.000000	98764.7   	330.000000	98337.2   	330.000000	668.191   	330.000000	313.49    	330.000000	1030.64   	330.000000	891.167   	330.000000	1087.97   	
340.000000	102990    	340.000000	101769    	340.000000	103225    	340.000000	103679    	340.000000	103224    	340.000000	698.224   	340.000000	327.939   	340.000000	1079.26   	340.000000	933.424   	340.000000	1141.8    	
350.000000	107937    	350.000000	106655    	350.000000	108186    	350.000000	108669    	350.000000	108186    	350.000000	728.482   	350.000000	342.553   	350.000000	1128.44   	350.000000	976.221   	350.000000	1196.42   	
360.000000	112957    	360.000000	111612    	360.000000	113219    	360.000000	113732    	360.000000	113219    	360.000000	758.951   	360.000000	357.321   	360.000000	1178.13   	360.000000	1019.54   	360.000000	1251.79   	
370.000000	118047    	370.000000	116638    	370.000000	118323    	370.000000	118865    	370.000000	118324    	370.000000	789.612   	370.000000	372.237   	370.000000	1228.33   	370.000000	1063.36   	370.000000	1307.91   	
380.000000	123206    	380.000000	121732    	380.000000	123496    	380.000000	124068    	380.000000	123496    	380.000000	820.453   	380.000000	387.298   	380.000000	1278.99   	380.000000	1107.66   	380.000000	1364.73   	
390.000000	128432    	390.000000	126890    	390.000000	128735    	390.000000	129337    	390.000000	128735    	390.000000	851.457   	390.000000	402.498   	390.000000	1330.12   	390.000000	1152.43   	390.000000	1422.25   	
400.000000	133724    	400.000000	132113    	400.000000	134038    	400.000000	134672    	400.000000	134038    	400.000000	882.613   	400.000000	417.84    	400.000000	1381.67   	400.000000	1197.66   	400.000000	1480.43   	
410.000000	139079    	410.000000	137397    	410.000000	139404    	410.000000	140070    	410.000000	139404    	410.000000	913.906   	410.000000	433.326   	410.000000	1433.64   	410.000000	1243.31   	410.000000	1539.25   	
420.000000	144497    	420.000000	142741    	420.000000	144831    	420.000000	145530    	420.000000	144831    	420.000000	945.326   	420.000000	448.941   	420.000000	1486      	420.000000	1289.39   	420.000000	1598.71   	
430.000000	149975    	430.000000	148144    	430.000000	150318    	430.000000	151049    	430.000000	150318    	430.000000	976.859   	430.000000	464.668   	430.000000	1538.74   	430.000000	1335.87   	430.000000	1658.76   	
440.000000	155513    	440.000000	153605    	440.000000	155862    	440.000000	156627    	440.000000	155862    	440.000000	1008.5    	440.000000	480.508   	440.000000	1591.83   	440.000000	1382.74   	440.000000	1719.4    	
450.000000	161108    	450.000000	159120    	450.000000	161463    	450.000000	162262    	450.000000	161463    	450.000000	1040.23   	450.000000	496.464   	450.000000	1645.26   	450.000000	1429.98   	450.000000	1780.61   	
460.000000	166760    	460.000000	164691    	460.000000	167118    	460.000000	167952    	460.000000	167119    	460.000000	1072.04   	460.000000	512.536   	460.000000	1699.01   	460.000000	1477.59   	460.000000	1842.37   	
470.000000	172467    	470.000000	170313    	470.000000	172827    	470.000000	173696    	470.000000	172828    	470.000000	1103.93   	470.000000	528.718   	470.000000	1753.07   	470.000000	1525.55   	470.000000	1904.65   	
480.000000	178228    	480.000000	175988    	480.000000	178588    	480.000000	179492    	480.000000	178588    	480.000000	1135.88   	480.000000	545.008   	480.000000	1807.42   	480.000000	1573.84   	480.000000	1967.45   	
490.000000	184041    	490.000000	181712    	490.000000	184400    	490.000000	185340    	490.000000	184400    	490.000000	1167.88   	490.000000	561.403   	490.000000	1862.05   	490.000000	1622.47   	490.000000	2030.75   	
500.000000	189906    	500.000000	187486    	500.000000	190261    	500.000000	191237    	500.000000	190261    	500.000000	1199.94   	500.000000	577.901   	500.000000	1916.94   	500.000000	1671.4    	500.000000	2094.52   	
520.000000	201784    	520.000000	199175    	520.000000	202125    	520.000000	203176    	520.000000	202125    	520.000000	1264.17   	520.000000	611.171   	520.000000	2027.45   	520.000000	1770.16   	520.000000	2223.46   	
540.000000	213854    	540.000000	211045    	540.000000	214172    	540.000000	215298    	540.000000	214172    	540.000000	1328.5    	540.000000	644.786   	540.000000	2138.86   	540.000000	1870.05   	540.000000	2354.13   	
560.000000	226106    	560.000000	223088    	560.000000	226392    	560.000000	227596    	560.000000	226393    	560.000000	1392.89   	560.000000	678.757   	560.000000	2251.07   	560.000000	1970.98   	560.000000	2486.44   	
580.000000	238532    	580.000000	235296    	580.000000	238777    	580.000000	240060    	580.000000	238778    	580.000000	1457.28   	580.000000	713.051   	580.000000	2364      	580.000000	2072.88   	580.000000	2620.28   	
600.000000	251124    	600.000000	247660    	600.000000	251318    	600.000000	252682    	600.000000	251320    	600.000000	1521.65   	600.000000	747.631   	600.000000	2477.55   	600.000000	2175.68   	600.000000	2755.54   	
620.000000	263876    	620.000000	260173    	620.000000	264009    	620.000000	265454    	620.000000	264010    	620.000000	1585.95   	620.000000	782.485   	620.000000	2591.66   	620.000000	2279.31   	620.000000	2892.13   	
640.000000	276779    	640.000000	272828    	640.000000	276842    	640.000000	278370    	640.000000	276843    	640.000000	1650.14   	640.000000	817.622   	640.000000	2706.27   	640.000000	2383.71   	640.000000	3029.97   	
660.000000	289827    	660.000000	285619    	660.000000	289810    	660.000000	291422    	660.000000	289811    	660.000000	1714.2    	660.000000	853.042   	660.000000	2821.29   	660.000000	2488.82   	660.000000	3168.98   	
680.000000	303014    	680.000000	298539    	680.000000	302907    	680.000000	304604    	680.000000	302907    	680.000000	1778.1    	680.000000	888.716   	680.000000	2936.68   	680.000000	2594.58   	680.000000	3309.07   	
700.000000	316334    	700.000000	311582    	700.000000	316126    	700.000000	317909    	700.000000	316126    	700.000000	1841.81   	700.000000	924.618   	700.000000	3052.39   	700.000000	2700.95   	700.000000	3450.18   	
720.000000	329780    	720.000000	324743    	720.000000	329461    	720.000000	331333    	720.000000	329462    	720.000000	1905.32   	720.000000	960.738   	720.000000	3168.35   	720.000000	2807.88   	720.000000	3592.22   	
740.000000	343347    	740.000000	338016    	740.000000	342908    	740.000000	344869    	740.000000	342910    	740.000000	1968.61   	740.000000	997.073   	740.000000	3284.52   	740.000000	2915.32   	740.000000	3735.15   	
760.000000	357030    	760.000000	351396    	760.000000	356462    	760.000000	358512    	760.000000	356464    	760.000000	2031.65   	760.000000	1033.61   	760.000000	3400.86   	760.000000	3023.22   	760.000000	3878.89   	
780.000000	370823    	780.000000	364878    	780.000000	370118    	780.000000	372259    	780.000000	370120    	780.000000	2094.43   	780.000000	1070.34   	780.000000	3517.33   	780.000000	3131.56   	780.000000	4023.39   	
800.000000	384722    	800.000000	378459    	800.000000	383871    	800.000000	386103    	800.000000	383872    	800.000000	2156.94   	800.000000	1107.25   	800.000000	3633.89   	800.000000	3240.28   	800.000000	4168.59   	
820.000000	398722    	820.000000	392132    	820.000000	397716    	820.000000	400040    	820.000000	397717    	820.000000	2219.17   	820.000000	1144.32   	820.000000	3750.5    	820.000000	3349.36   	820.000000	4314.45   	
840.000000	412819    	840.000000	405894    	840.000000	411649    	840.000000	414065    	840.000000	411649    	840.000000	2281.07   	840.000000	1181.54   	840.000000	3867.12   	840.000000	3458.74   	840.000000	4460.88   	
860.000000	427007    	860.000000	419741    	860.000000	425663    	860.000000	428173    	860.000000	425663    	860.000000	2342.64   	860.000000	1218.91   	860.000000	3983.7    	860.000000	3568.38   	860.000000	4607.83   	
880.000000	441284    	880.000000	433670    	880.000000	439755    	880.000000	442359    	880.000000	439756    	880.000000	2403.87   	880.000000	1256.43   	880.000000	4100.22   	880.000000	3678.27   	880.000000	4755.26   	
900.000000	455645    	900.000000	447676    	900.000000	453922    	900.000000	456622    	900.000000	453923    	900.000000	2464.75   	900.000000	1294.09   	900.000000	4216.66   	900.000000	3788.36   	900.000000	4903.13   	
920.000000	470086    	920.000000	461756    	920.000000	468160    	920.000000	470956    	920.000000	468162    	920.000000	2525.28   	920.000000	1331.87   	920.000000	4332.98   	920.000000	3898.63   	920.000000	5051.39   	
940.000000	484604    	940.000000	475906    	940.000000	482467    	940.000000	485360    	940.000000	482469    	940.000000	2585.45   	940.000000	1369.77   	940.000000	4449.17   	940.000000	4009.06   	940.000000	5200.02   	
960.000000	499194    	960.000000	490124    	960.000000	496839    	960.000000	499829    	960.000000	496842    	960.000000	2645.27   	960.000000	1407.78   	960.000000	4565.22   	960.000000	4119.62   	960.000000	5348.97   	
980.000000	513855    	980.000000	504407    	980.000000	511274    	980.000000	514362    	980.000000	511277    	980.000000	2704.72   	980.000000	1445.91   	980.000000	4681.09   	980.000000	4230.29   	980.000000	5498.22   	
1000.000000	528581    	1000.000000	518751    	1000.000000	525768    	1000.000000	528955    	1000.000000	525772    	1000.000000	2763.81   	1000.000000	1484.17   	1000.000000	4796.77   	1000.000000	4341.06   	1000.000000	5647.72   	
1020.000000	543372    	1020.000000	533153    	1020.000000	540321    	1020.000000	543605    	1020.000000	540324    	1020.000000	2822.53   	1020.000000	1522.55   	1020.000000	4912.24   	1020.000000	4451.89   	1020.000000	5797.46   	
1040.000000	558222    	1040.000000	547612    	1040.000000	554928    	1040.000000	558311    	1040.000000	554931    	1040.000000	2880.89   	1040.000000	1561.05   	1040.000000	5027.5    	1040.000000	4562.78   	1040.000000	5947.4    	
1060.000000	573129    	1060.000000	562124    	1060.000000	569588    	1060.000000	573069    	1060.000000	569590    	1060.000000	2938.88   	1060.000000	1599.65   	1060.000000	5142.53   	1060.000000	4673.7    	1060.000000	6097.52   	
1080.000000	588092    	1080.000000	576687    	1080.000000	584298    	1080.000000	587878    	1080.000000	584299    	1080.000000	2996.51   	1080.000000	1638.35   	1080.000000	5257.31   	1080.000000	4784.63   	1080.000000	6247.78   	
1100.000000	603105    	1100.000000	591298    	1100.000000	599055    	1100.000000	602736    	1100.000000	599056    	1100.000000	3053.77   	1100.000000	1677.14   	1100.000000	5371.83   	1100.000000	4895.57   	1100.000000	6398.18   	
1120.000000	618169    	1120.000000	605956    	1120.000000	613859    	1120.000000	617639    	1120.000000	613859    	1120.000000	3110.67   	1120.000000	1716.03   	1120.000000	5486.09   	1120.000000	5006.5    	1120.000000	6548.67   	
1140.000000	633279    	1140.000000	620658    	1140.000000	628706    	1140.000000	632587    	1140.000000	628706    	1140.000000	3167.2    	1140.000000	1755.02   	1140.000000	5600.07   	1140.000000	5117.39   	1140.000000	6699.25   	
1160.000000	648433    	1160.000000	635402    	1160.000000	643595    	1160.000000	647577    	1160.000000	643595    	1160.000000	3223.37   	1160.000000	1794.12   	1160.000000	5713.76   	1160.000000	5228.25   	1160.000000	6849.89   	
1180.000000	663629    	1180.000000	650185    	1180.000000	658524    	1180.000000	662608    	1180.000000	658525    	1180.000000	3279.18   	1180.000000	1833.32   	1180.000000	5827.15   	1180.000000	5339.05   	1180.000000	7000.56   	
1200.000000	678865    	1200.000000	665007    	1200.000000	673491    	1200.000000	677678    	1200.000000	673492    	1200.000000	3334.63   	1200.000000	1872.62   	1200.000000	5940.24   	1200.000000	5449.79   	1200.000000	7151.26   	
1220.000000	694138    	1220.000000	679864    	1220.000000	688496    	1220.000000	692784    	1220.000000	688497    	1220.000000	3389.72   	1220.000000	1912.02   	1220.000000	6053.03   	1220.000000	5560.45   	1220.000000	7301.97   	
1240.000000	709447    	1240.000000	694756    	1240.000000	703535    	1240.000000	707926    	1240.000000	703537    	1240.000000	3444.46   	1240.000000	1951.51   	1240.000000	6165.49   	1240.000000	5671.03   	1240.000000	7452.66   	
1260.000000	724789    	1260.000000	709681    	1260.000000	718608    	1260.000000	723103    	1260.000000	718611    	1260.000000	3498.84   	1260.000000	1991.08   	1260.000000	6277.64   	1260.000000	5781.5    	1260.000000	7603.33   	
1280.000000	740162    	1280.000000	724636    	1280.000000	733713    	1280.000000	738312    	1280.000000	733716    	1280.000000	3552.87   	1280.000000	2030.73   	1280.000000	6389.45   	1280.000000	5891.87   	1280.000000	7753.95   	
1300.000000	755565    	1300.000000	739621    	1300.000000	748849    	1300.000000	753552    	1300.000000	748853    	1300.000000	3606.55   	1300.000000	2070.46   	1300.000000	6500.93   	1300.000000	6002.13   	1300.000000	7904.51   	
1320.000000	770996    	1320.000000	754633    	1320.000000	764015    	1320.000000	768821    	1320.000000	764020    	1320.000000	3659.88   	1320.000000	2110.27   	1320.000000	6612.08   	1320.000000	6112.26   	1320.000000	8055      	
1340.000000	786452    	1340.000000	769671    	1340.000000	779209    	1340.000000	784120    	1340.000000	779215    	1340.000000	3712.87   	1340.000000	2150.15   	1340.000000	6722.89   	1340.000000	6222.25   	1340.000000	8205.41   	
1360.000000	801933    	1360.000000	784735    	1360.000000	794431    	1360.000000	799445    	1360.000000	794436    	1360.000000	3765.52   	1360.000000	2190.11   	1360.000000	6833.35   	1360.000000	6332.11   	1360.000000	8355.72   	
1380.000000	817436    	1380.000000	799821    	1380.000000	809679    	1380.000000	814797    	1380.000000	809684    	1380.000000	3817.83   	1380.000000	2230.15   	1380.000000	6943.46   	1380.000000	6441.82   	1380.000000	8505.92   	
1400.000000	832960    	1400.000000	814930    	1400.000000	824951    	1400.000000	830174    	1400.000000	824957    	1400.000000	3869.8    	1400.000000	2270.26   	1400.000000	7053.22   	1400.000000	6551.38   	1400.000000	8656.01   	
1420.000000	848504    	1420.000000	830060    	1420.000000	840248    	1420.000000	845574    	1420.000000	840253    	1420.000000	3921.44   	1420.000000	2310.44   	1420.000000	7162.63   	1420.000000	6660.77   	1420.000000	8805.96   	
1440.000000	864065    	1440.000000	845209    	1440.000000	855567    	1440.000000	860998    	1440.000000	855572    	1440.000000	3972.75   	1440.000000	2350.71   	1440.000000	7271.68   	1440.000000	6770.01   	1440.000000	8955.77   	
1460.000000	879643    	1460.000000	860376    	1460.000000	870909    	1460.000000	876443    	1460.000000	870913    	1460.000000	4023.74   	1460.000000	2391.04   	1460.000000	7380.38   	1460.000000	6879.07   	1460.000000	9105.44   	
1480.000000	895236    	1480.000000	875560    	1480.000000	886271    	1480.000000	891909    	1480.000000	886275    	1480.000000	4074.39   	1480.000000	2431.45   	1480.000000	7488.71   	1480.000000	6987.95   	1480.000000	9254.94   	
1500.000000	910842    	1500.000000	890761    	1500.000000	901653    	1500.000000	907396    	1500.000000	901656    	1500.000000	4124.73   	1500.000000	2471.92   	1500.000000	7596.69   	1500.000000	7096.65   	1500.000000	9404.28   	
1520.000000	926461    	1520.000000	905976    	1520.000000	917053    	1520.000000	922901    	1520.000000	917056    	1520.000000	4174.75   	1520.000000	2512.47   	1520.000000	7704.3    	1520.000000	7205.16   	1520.000000	9553.44   	
1540.000000	942091    	1540.000000	921205    	1540.000000	932472    	1540.000000	938424    	1540.000000	932475    	1540.000000	4224.46   	1540.000000	2553.09   	1540.000000	7811.55   	1540.000000	7313.48   	1540.000000	9702.42   	
1560.000000	957730    	1560.000000	936447    	1560.000000	947908    	1560.000000	953965    	1560.000000	947910    	1560.000000	4273.85   	1560.000000	2593.77   	1560.000000	7918.44   	1560.000000	7421.61   	1560.000000	9851.21   	
1580.000000	973378    	1580.000000	951701    	1580.000000	963360    	1580.000000	969522    	1580.000000	963362    	1580.000000	4322.94   	1580.000000	2634.53   	1580.000000	8024.97   	1580.000000	7529.54   	1580.000000	9999.81   	
1600.000000	989034    	1600.000000	966966    	1600.000000	978828    	1600.000000	985095    	1600.000000	978830    	1600.000000	4371.72   	1600.000000	2675.35   	1600.000000	8131.13   	1600.000000	7637.26   	1600.000000	10148.2   	
1620.000000	1.0047e+06	1620.000000	982241    	1620.000000	994311    	1620.000000	1.00068e+06	1620.000000	994313    	1620.000000	4420.19   	1620.000000	2716.25   	1620.000000	8236.93   	1620.000000	7744.78   	1620.000000	10296.4   	
1640.000000	1.02036e+06	1640.000000	997525    	1640.000000	1.00981e+06	1640.000000	1.01629e+06	1640.000000	1.00981e+06	1640.000000	4468.37   	1640.000000	2757.21   	1640.000000	8342.36   	1640.000000	7852.09   	1640.000000	10444.3   	
1660.000000	1.03603e+06	1660.000000	1.01282e+06	1660.000000	1.02532e+06	1660.000000	1.0319e+06	1660.000000	1.02532e+06	1660.000000	4516.25   	1660.000000	2798.24   	1660.000000	8447.43   	1660.000000	7959.18   	1660.000000	10592.1   	
1680.000000	1.05171e+06	1680.000000	1.02812e+06	1680.000000	1.04084e+06	1680.000000	1.04753e+06	1680.000000	1.04084e+06	1680.000000	4563.84   	1680.000000	2839.34   	1680.000000	8552.14   	1680.000000	8066.06   	1680.000000	10739.6   	
1700.000000	1.06739e+06	1700.000000	1.04342e+06	1700.000000	1.05638e+06	1700.000000	1.06317e+06	1700.000000	1.05638e+06	1700.000000	4611.14   	1700.000000	2880.5    	1700.000000	8656.48   	1700.000000	8172.73   	1700.000000	10886.9   	
1750.000000	1.10658e+06	1750.000000	1.08171e+06	1750.000000	1.09527e+06	1750.000000	1.10233e+06	1750.000000	1.09527e+06	1750.000000	4728.13   	1750.000000	2983.7    	1750.000000	8915.75   	1750.000000	8438.41   	1750.000000	11254.1   	
1800.000000	1.14577e+06	1800.000000	1.12003e+06	1800.000000	1.13422e+06	1800.000000	1.14155e+06	1800.000000	1.13423e+06	1800.000000	4843.38   	1800.000000	3087.28   	1800.000000	9172.76   	1800.000000	8702.68   	1800.000000	11619.7   	
1850.000000	1.18494e+06	1850.000000	1.15836e+06	1850.000000	1.17323e+06	1850.000000	1.18083e+06	1850.000000	1.17324e+06	1850.000000	4956.93   	1850.000000	3191.24   	1850.000000	9427.53   	1850.000000	8965.51   	1850.000000	11983.7   	
1900.000000	1.22408e+06	1900.000000	1.1967e+06	1900.000000	1.2123e+06	1900.000000	1.22015e+06	1900.000000	1.2123e+06	1900.000000	5068.82   	1900.000000	3295.55   	1900.000000	9680.09   	1900.000000	9226.88   	1900.000000	12346.1   	
1950.000000	1.26317e+06	1950.000000	1.23503e+06	1950.000000	1.2514e+06	1950.000000	1.25952e+06	1950.000000	1.25141e+06	1950.000000	5179.11   	1950.000000	3400.2    	1950.000000	9930.44   	1950.000000	9486.77   	1950.000000	12706.8   	
2000.000000	1.30221e+06	2000.000000	1.27335e+06	2000.000000	1.29054e+06	2000.000000	1.29893e+06	2000.000000	1.29055e+06	2000.000000	5287.83   	2000.000000	3505.19   	2000.000000	10178.6   	2000.000000	9745.15   	2000.000000	13065.8   	
2100.000000	1.3801e+06	2100.000000	1.34992e+06	2100.000000	1.36891e+06	2100.000000	1.37783e+06	2100.000000	1.36892e+06	2100.000000	5500.74   	2100.000000	3716.22   	2100.000000	10668.5   	2100.000000	10257.4   	2100.000000	13778.5   	
2200.000000	1.45766e+06	2200.000000	1.42636e+06	2200.000000	1.44736e+06	2200.000000	1.45681e+06	2200.000000	1.44738e+06	2200.000000	5707.87   	2200.000000	3928.69   	2200.000000	11150     	2200.000000	10763.6   	2200.000000	14484     	
2300.000000	1.53485e+06	2300.000000	1.50262e+06	2300.000000	1.52587e+06	2300.000000	1.53585e+06	2300.000000	1.52588e+06	2300.000000	5909.55   	2300.000000	4142.63   	2300.000000	11623.3   	2300.000000	11263.6   	2300.000000	15182.2   	
2400.000000	1.6116e+06	2400.000000	1.57866e+06	2400.000000	1.60441e+06	2400.000000	1.61491e+06	2400.000000	1.60442e+06	2400.000000	6106.04   	2400.000000	4358.02   	2400.000000	12088.7   	2400.000000	11757.6   	2400.000000	15873.1   	
2500.000000	1.68788e+06	2500.000000	1.65444e+06	2500.000000	1.68295e+06	2500.000000	1.69397e+06	2500.000000	1.68296e+06	2500.000000	6297.63   	2500.000000	4574.83   	2500.000000	12546.4   	2500.000000	12245.6   	2500.000000	16556.6   	
2600.000000	1.76365e+06	2600.000000	1.72994e+06	2600.000000	1.76147e+06	2600.000000	1.77302e+06	2600.000000	1.76147e+06	2600.000000	6484.56   	2600.000000	4793.01   	2600.000000	12996.6   	2600.000000	12727.6   	2600.000000	17232.7   	
2700.000000	1.83888e+06	2700.000000	1.80513e+06	2700.000000	1.83995e+06	2700.000000	1.85202e+06	2700.000000	1.83996e+06	2700.000000	6667.08   	2700.000000	5012.55   	2700.000000	13439.6   	2700.000000	13203.7   	2700.000000	17901.6   	
2800.000000	1.91355e+06	2800.000000	1.87999e+06	2800.000000	1.91838e+06	2800.000000	1.93098e+06	2800.000000	1.91839e+06	2800.000000	6845.39   	2800.000000	5233.42   	2800.000000	13875.6   	2800.000000	13674.1   	2800.000000	18563.1   	
2900.000000	1.98762e+06	2900.000000	1.9545e+06	2900.000000	1.99676e+06	2900.000000	2.00987e+06	2900.000000	1.99676e+06	2900.000000	7019.71   	2900.000000	5455.6    	2900.000000	14304.8   	2900.000000	14138.7   	2900.000000	19217.5   	
3000.000000	2.06108e+06	3000.000000	2.02864e+06	3000.000000	2.07506e+06	3000.000000	2.08868e+06	3000.000000	2.07506e+06	3000.000000	7190.23   	3000.000000	5679.08   	3000.000000	14727.5   	3000.000000	14597.7   	3000.000000	19864.9   	
3200.000000	2.20613e+06	3200.000000	2.17578e+06	3200.000000	2.23141e+06	3200.000000	2.24607e+06	3200.000000	2.23142e+06	3200.000000	7520.58   	3200.000000	6129.89   	3200.000000	15554     	3200.000000	15499.4   	3200.000000	21138.7   	
3400.000000	2.34859e+06	3400.000000	2.32132e+06	3400.000000	2.38739e+06	3400.000000	2.40307e+06	3400.000000	2.3874e+06	3400.000000	7837.73   	3400.000000	6585.77   	3400.000000	16356.7   	3400.000000	16380     	3400.000000	22385.5   	
3600.000000	2.48842e+06	3600.000000	2.4652e+06	3600.000000	2.54296e+06	3600.000000	2.55966e+06	3600.000000	2.54298e+06	3600.000000	8142.83   	3600.000000	7046.63   	3600.000000	17137.2   	3600.000000	17240.4   	3600.000000	23606.3   	
3800.000000	2.62558e+06	3800.000000	2.6074e+06	3800.000000	2.6981e+06	3800.000000	2.7158e+06	3800.000000	2.69812e+06	3800.000000	8436.89   	3800.000000	7512.42   	3800.000000	17896.7   	3800.000000	18081.5   	3800.000000	24802.1   	
4000.000000	2.76007e+06	4000.000000	2.74788e+06	4000.000000	2.85278e+06	4000.000000	2.87149e+06	4000.000000	2.85281e+06	4000.000000	8720.8    	4000.000000	7983.07   	4000.000000	18636.7   	4000.000000	18904.2   	4000.000000	25973.8   	
4200.000000	2.89189e+06	4200.000000	2.88663e+06	4200.000000	3.00701e+06	4200.000000	3.02671e+06	4200.000000	3.00704e+06	4200.000000	8995.34   	4200.000000	8458.53   	4200.000000	19358.2   	4200.000000	19709.3   	4200.000000	27122.3   	
4400.000000	3.02108e+06	4400.000000	3.02367e+06	4400.000000	3.16077e+06	4400.000000	3.18146e+06	4400.000000	3.1608e+06	4400.000000	9261.23   	4400.000000	8938.74   	4400.000000	20062.2   	4400.000000	20497.5   	4400.000000	28248.8   	
4600.000000	3.14766e+06	4600.000000	3.15898e+06	4600.000000	3.31407e+06	4600.000000	3.33573e+06	4600.000000	3.3141e+06	4600.000000	9519.09   	4600.000000	9423.65   	4600.000000	20749.9   	4600.000000	21269.7   	4600.000000	29354     	
4800.000000	3.27167e+06	4800.000000	3.2926e+06	4800.000000	3.46691e+06	4800.000000	3.48953e+06	4800.000000	3.46694e+06	4800.000000	9769.47   	4800.000000	9913.21   	4800.000000	21422.1   	4800.000000	22026.4   	4800.000000	30438.8   	
5000.000000	3.39315e+06	5000.000000	3.42453e+06	5000.000000	3.61928e+06	5000.000000	3.64287e+06	5000.000000	3.61931e+06	5000.000000	10012.9   	5000.000000	10407.4   	5000.000000	22079.5   	5000.000000	22768.5   	5000.000000	31504.1   	
5250.000000	3.54154e+06	5250.000000	3.5871e+06	5250.000000	3.80911e+06	5250.000000	3.83389e+06	5250.000000	3.80914e+06	5250.000000	10308.1   	5250.000000	11031.5   	5250.000000	22881.9   	5250.000000	23676.4   	5250.000000	32809.5   	
5500.000000	3.68615e+06	5500.000000	3.74712e+06	5500.000000	3.99824e+06	5500.000000	4.0242e+06	5500.000000	3.99828e+06	5500.000000	10593.9   	5500.000000	11662.6   	5500.000000	23664     	5500.000000	24563.5   	5500.000000	34087     	
6000.000000	3.96452e+06	6000.000000	4.0597e+06	6000.000000	4.37448e+06	6000.000000	4.40277e+06	6000.000000	4.37452e+06	6000.000000	11140.1   	6000.000000	12945.5   	6000.000000	25171.9   	6000.000000	26279.5   	6000.000000	36563.9   	
6500.000000	4.22911e+06	6500.000000	4.36271e+06	6500.000000	4.74812e+06	6500.000000	4.7787e+06	6500.000000	4.74816e+06	6500.000000	11656.3   	6500.000000	14255.5   	6500.000000	26612     	6500.000000	27924.2   	6500.000000	38944.7   	
7000.000000	4.48078e+06	7000.000000	4.6566e+06	7000.000000	5.1193e+06	7000.000000	5.15214e+06	7000.000000	5.11934e+06	7000.000000	12146.4   	7000.000000	15591.8   	7000.000000	27991.6   	7000.000000	29504.3   	7000.000000	41238.1   	
7500.000000	4.72037e+06	7500.000000	4.94181e+06	7500.000000	5.48816e+06	7500.000000	5.52321e+06	7500.000000	5.4882e+06	7500.000000	12613.4   	7500.000000	16953.7   	7500.000000	29316.8   	7500.000000	31025.7   	7500.000000	43451.5   	
8000.000000	4.94866e+06	8000.000000	5.2188e+06	8000.000000	5.85482e+06	8000.000000	5.89206e+06	8000.000000	5.85485e+06	8000.000000	13060.1   	8000.000000	18340.7   	8000.000000	30592.8   	8000.000000	32493.4   	8000.000000	45591.7   	
8500.000000	5.16639e+06	8500.000000	5.48798e+06	8500.000000	6.21941e+06	8500.000000	6.2588e+06	8500.000000	6.21944e+06	8500.000000	13488.5   	8500.000000	19752.2   	8500.000000	31824.2   	8500.000000	33911.8   	8500.000000	47664.4   	
9000.000000	5.37425e+06	9000.000000	5.74974e+06	9000.000000	6.58202e+06	9000.000000	6.62355e+06	9000.000000	6.58206e+06	9000.000000	13900.5   	9000.000000	21187.2   	9000.000000	33014.7   	9000.000000	35284.7   	9000.000000	49674.9   	
9500.000000	5.57286e+06	9500.000000	6.00447e+06	9500.000000	6.94278e+06	9500.000000	6.98642e+06	9500.000000	6.94282e+06	9500.000000	14297.7   	9500.000000	22645.2   	9500.000000	34167.9   	9500.000000	36615.8   	9500.000000	51627.6   	
10000.000000	5.76283e+06	10000.000000	6.25251e+06	10000.000000	7.30177e+06	10000.000000	7.34749e+06	10000.000000	7.30182e+06	10000.000000	14681.3   	10000.000000	24126     	10000.000000	35286.6   	10000.000000	37908     	10000.000000	53526.8   	
11000.000000	6.11895e+06	11000.000000	6.72986e+06	11000.000000	8.01486e+06	11000.000000	8.06464e+06	11000.000000	8.01488e+06	11000.000000	15412.4   	11000.000000	27154.8   	11000.000000	37430.6   	11000.000000	40386.2   	11000.000000	57178.3   	
12000.000000	6.44649e+06	12000.000000	7.18418e+06	12000.000000	8.72188e+06	12000.000000	8.77565e+06	12000.000000	8.72189e+06	12000.000000	16101.6   	12000.000000	30267.6   	12000.000000	39464.3   	12000.000000	42738.2   	12000.000000	60654.7   	
13000.000000	6.74874e+06	13000.000000	7.61758e+06	13000.000000	9.42337e+06	13000.000000	9.48106e+06	13000.000000	9.42339e+06	13000.000000	16754.7   	13000.000000	33460.2   	13000.000000	41401.6   	13000.000000	44978.8   	13000.000000	63976.2   	
14000.000000	7.02853e+06	14000.000000	8.0319e+06	14000.000000	1.01198e+07	14000.000000	1.01814e+07	14000.000000	1.01199e+07	14000.000000	17376.5   	14000.000000	36731.2   	14000.000000	43253.9   	14000.000000	47120.7   	14000.000000	67159.8   	
15000.000000	7.28828e+06	15000.000000	8.42877e+06	15000.000000	1.08117e+07	15000.000000	1.08769e+07	15000.000000	1.08117e+07	15000.000000	17970.8   	15000.000000	40079.8   	15000.000000	45030.5   	15000.000000	49174.3   	15000.000000	70219.7   	
16000.000000	7.53007e+06	16000.000000	8.8096e+06	16000.000000	1.14992e+07	16000.000000	1.15682e+07	16000.000000	1.14992e+07	16000.000000	18540.6   	16000.000000	43503.7   	16000.000000	46739.2   	16000.000000	51148.2   	16000.000000	73167.9   	
17000.000000	7.75572e+06	17000.000000	9.17567e+06	17000.000000	1.21829e+07	17000.000000	1.22554e+07	17000.000000	1.21828e+07	17000.000000	19088.6   	17000.000000	46999.4   	17000.000000	48386.6   	17000.000000	53049.9   	17000.000000	76014.6   	
18000.000000	7.96679e+06	18000.000000	9.52809e+06	18000.000000	1.28628e+07	18000.000000	1.29389e+07	18000.000000	1.28627e+07	18000.000000	19617     	18000.000000	50563.6   	18000.000000	49978.2   	18000.000000	54885.9   	18000.000000	78768.6   	
19000.000000	8.16466e+06	19000.000000	9.86787e+06	19000.000000	1.35393e+07	19000.000000	1.36188e+07	19000.000000	1.35392e+07	19000.000000	20127.5   	19000.000000	54192.9   	19000.000000	51518.9   	19000.000000	56661.6   	19000.000000	81437.6   	
20000.000000	8.35052e+06	20000.000000	1.01959e+07	20000.000000	1.42126e+07	20000.000000	1.42955e+07	20000.000000	1.42124e+07	20000.000000	20621.8   	20000.000000	57884.7   	20000.000000	53012.9   	20000.000000	58382.1   	20000.000000	84028.3   	
21000.000000	8.52546e+06	21000.000000	1.0513e+07	21000.000000	1.48828e+07	21000.000000	1.49691e+07	21000.000000	1.48826e+07	21000.000000	21101.3   	21000.000000	61637.1   	21000.000000	54463.8   	21000.000000	60051.3   	21000.000000	86546.6   	
22000.000000	8.69039e+06	22000.000000	1.08198e+07	22000.000000	1.55501e+07	22000.000000	1.56397e+07	22000.000000	1.555e+07 	22000.000000	21567.1   	22000.000000	65451.1   	22000.000000	55874.9   	22000.000000	61673.3   	22000.000000	88997.7   	
23000.000000	8.84615e+06	23000.000000	1.11171e+07	23000.000000	1.62148e+07	23000.000000	1.63076e+07	23000.000000	1.62146e+07	23000.000000	22020.2   	23000.000000	69325.9   	23000.000000	57248.9   	23000.000000	63251.2   	23000.000000	91386.2   	
24000.000000	8.99349e+06	24000.000000	1.14054e+07	24000.000000	1.68769e+07	24000.000000	1.69729e+07	24000.000000	1.68767e+07	24000.000000	22461.7   	24000.000000	73257.8   	24000.000000	58588.4   	24000.000000	64788.1   	24000.000000	93716.2   	
25000.000000	9.13306e+06	25000.000000	1.16852e+07	25000.000000	1.75366e+07	25000.000000	1.76357e+07	25000.000000	1.75364e+07	25000.000000	22892.3   	25000.000000	77244.1   	25000.000000	59895.7   	25000.000000	66286.5   	25000.000000	95991.5   	
26000.000000	9.26546e+06	26000.000000	1.19572e+07	26000.000000	1.8194e+07	26000.000000	1.82962e+07	26000.000000	1.81938e+07	26000.000000	23312.8   	26000.000000	81284.4   	26000.000000	61172.8   	26000.000000	67748.9   	26000.000000	98215.4   	
27000.000000	9.39124e+06	27000.000000	1.22216e+07	27000.000000	1.88491e+07	27000.000000	1.89544e+07	27000.000000	1.88489e+07	27000.000000	23723.7   	27000.000000	85379.2   	27000.000000	62421.4   	27000.000000	69177.5   	27000.000000	100391    	
28000.000000	9.51086e+06	28000.000000	1.24789e+07	28000.000000	1.95022e+07	28000.000000	1.96104e+07	28000.000000	1.9502e+07	28000.000000	24125.8   	28000.000000	89527.9   	28000.000000	63643.4   	28000.000000	70574.2   	28000.000000	102521    	
29000.000000	9.62476e+06	29000.000000	1.27295e+07	29000.000000	2.01533e+07	29000.000000	2.02644e+07	29000.000000	2.01531e+07	29000.000000	24519.5   	29000.000000	93728.4   	29000.000000	64840     	29000.000000	71940.8   	29000.000000	104608    	
30000.000000	9.73335e+06	30000.000000	1.29738e+07	30000.000000	2.08025e+07	30000.000000	2.09165e+07	30000.000000	2.08023e+07	30000.000000	24905.3   	30000.000000	97978.2   	30000.000000	66012.8   	30000.000000	73279     	30000.000000	106654    	
32000.000000	9.93596e+06	32000.000000	1.34446e+07	32000.000000	2.20954e+07	32000.000000	2.2215e+07	32000.000000	2.20952e+07	32000.000000	25654.9   	32000.000000	106621    	32000.000000	68291.7   	32000.000000	75875.8   	32000.000000	110632    	
34000.000000	1.01212e+07	34000.000000	1.38935e+07	34000.000000	2.33815e+07	34000.000000	2.35065e+07	34000.000000	2.33814e+07	34000.000000	26377.8   	34000.000000	115455    	34000.000000	70488.7   	34000.000000	78375.1   	34000.000000	114469    	
36000.000000	1.02912e+07	36000.000000	1.43226e+07	36000.000000	2.46614e+07	36000.000000	2.47916e+07	36000.000000	2.46614e+07	36000.000000	27076.5   	36000.000000	124476    	36000.000000	72611.6   	36000.000000	80786     	36000.000000	118179    	
38000.000000	1.04478e+07	38000.000000	1.47336e+07	38000.000000	2.59355e+07	38000.000000	2.60706e+07	38000.000000	2.59355e+07	38000.000000	27753.3   	38000.000000	133671    	38000.000000	74666.6   	38000.000000	83116.2   	38000.000000	121773    	
40000.000000	1.05923e+07	40000.000000	1.51279e+07	40000.000000	2.72042e+07	40000.000000	2.7344e+07	40000.000000	2.72043e+07	40000.000000	28410     	40000.000000	143026    	40000.000000	76659.3   	40000.000000	85372.3   	40000.000000	125259    	
42000.000000	1.07262e+07	42000.000000	1.5507e+07	42000.000000	2.84679e+07	42000.000000	2.86121e+07	42000.000000	2.8468e+07	42000.000000	29048.3   	42000.000000	152535    	42000.000000	78594.6   	42000.000000	87560.2   	42000.000000	128647    	
44000.000000	1.08505e+07	44000.000000	1.58719e+07	44000.000000	2.97268e+07	44000.000000	2.98752e+07	44000.000000	2.97269e+07	44000.000000	29669.6   	44000.000000	162196    	44000.000000	80476.8   	44000.000000	89685     	44000.000000	131943    	
46000.000000	1.09662e+07	46000.000000	1.62238e+07	46000.000000	3.09812e+07	46000.000000	3.11336e+07	46000.000000	3.09814e+07	46000.000000	30275.2   	46000.000000	172010    	46000.000000	82309.7   	46000.000000	91751.2   	46000.000000	135153    	
48000.000000	1.10741e+07	48000.000000	1.65636e+07	48000.000000	3.22314e+07	48000.000000	3.23876e+07	48000.000000	3.22316e+07	48000.000000	30866.2   	48000.000000	181976    	48000.000000	84096.6   	48000.000000	93763     	48000.000000	138285    	
50000.000000	1.11751e+07	50000.000000	1.6892e+07	50000.000000	3.34776e+07	50000.000000	3.36373e+07	50000.000000	3.34779e+07	50000.000000	31443.7   	50000.000000	192092    	50000.000000	85840.5   	50000.000000	95723.7   	50000.000000	141342    	
