! 13C range in Si
! apply ZOOM for details
Energy (MeV/u)1	0 - [He-base] F.Hubert et al, AD&ND Tables 46(1990)1	Energy (MeV/u)2	1 - [H -base] J.F.Ziegler et al,Pergamon Press,NY(low energy)	Energy (MeV/u)3	2 - ATIMA 1.2 LS-theory (recommended for high energy)	Energy (MeV/u)4	3 - ATIMA 1.2 without LS-correction	Energy (MeV/u)5	4 - ATIMA 1.4 H.Weick, improved mean charge formula for HI	Energy (MeV/u)6	5 - Range straggling - method [0] - LISE	Energy (MeV/u)7	6 - Range straggling - method [1] - Atima	Energy (MeV/u)8	7 - Lateral range - method [0] - LISE	Energy (MeV/u)9	8 - Lateral range - method [1] - Atima	Energy (MeV/u)10	9 - Lateral range - method [2] - PDG	
0.001000	0.0540787 	0.001000	0.0540787 	0.001000	0.0473053 	0.001000	0.0473053 	0.001000	0.0473029 	0.001000	0         	0.001000	0         	0.001000	0.000634653	0.001000	0.00103144	0.001000	0.000472925	
0.002000	0.109917  	0.002000	0.108157  	0.002000	0.0946107 	0.002000	0.0946107 	0.002000	0.0946059 	0.002000	0.00635005	0.002000	0.00635005	0.002000	0.00185853	0.002000	0.00291795	0.002000	0.0014424 	
0.005000	0.258081  	0.005000	0.251652  	0.005000	0.218967  	0.005000	0.218967  	0.005000	0.218959  	0.005000	0.00759384	0.005000	0.00759384	0.005000	0.00677366	0.005000	0.0102491 	0.005000	0.00545965	
0.008000	0.388502  	0.008000	0.377963  	0.008000	0.328185  	0.008000	0.328185  	0.008000	0.328175  	0.008000	0.00765192	0.008000	0.00765192	0.008000	0.0126509 	0.008000	0.0187976 	0.008000	0.010368  	
0.010000	0.468699  	0.010000	0.455632  	0.010000	0.395433  	0.010000	0.395433  	0.010000	0.395423  	0.010000	0.00785996	0.010000	0.00785996	0.010000	0.0168699 	0.010000	0.024859  	0.010000	0.0139263 	
0.015000	0.651809  	0.015000	0.632972  	0.015000	0.549595  	0.015000	0.549595  	0.015000	0.549584  	0.015000	0.00894423	0.015000	0.00894423	0.015000	0.028039  	0.015000	0.0407244 	0.015000	0.0234276 	
0.020000	0.804751  	0.020000	0.781094  	0.020000	0.682525  	0.020000	0.682525  	0.020000	0.682513  	0.020000	0.0102038 	0.020000	0.0102038 	0.020000	0.0391091 	0.020000	0.0563264 	0.020000	0.0328988 	
0.025000	0.932764  	0.025000	0.905073  	0.025000	0.797425  	0.025000	0.797425  	0.025000	0.797412  	0.025000	0.0112993 	0.025000	0.0112993 	0.025000	0.0496274 	0.025000	0.0710906 	0.025000	0.0419243 	
0.030000	1.04352   	0.030000	1.01234   	0.030000	0.899426  	0.030000	0.899426  	0.030000	0.899413  	0.030000	0.0122238 	0.030000	0.0122238 	0.030000	0.0596606 	0.030000	0.085124  	0.030000	0.0505555 	
0.035000	1.14182   	0.035000	1.10754   	0.035000	0.992179  	0.035000	0.992179  	0.035000	0.992166  	0.035000	0.0130182 	0.035000	0.0130182 	0.035000	0.0693297 	0.035000	0.0986021 	0.035000	0.0588937 	
0.040000	1.23083   	0.040000	1.19374   	0.040000	1.07771   	0.040000	1.07771   	0.040000	1.07769   	0.040000	0.013708  	0.040000	0.013708  	0.040000	0.0786868 	0.040000	0.111607  	0.040000	0.0669794 	
0.045000	1.31274   	0.045000	1.27307   	0.045000	1.15748   	0.045000	1.15748   	0.045000	1.15747   	0.045000	0.0143158 	0.045000	0.0143158 	0.045000	0.0877856 	0.045000	0.12422   	0.045000	0.0748566 	
0.050000	1.38913   	0.050000	1.34706   	0.050000	1.23261   	0.050000	1.23261   	0.050000	1.2326    	0.050000	0.0148592 	0.050000	0.0146727 	0.050000	0.0966737 	0.050000	0.136509  	0.050000	0.0825648 	
0.055000	1.46119   	0.055000	1.41685   	0.055000	1.30394   	0.055000	1.30394   	0.055000	1.30393   	0.055000	0.015352  	0.055000	0.0148945 	0.055000	0.104638  	0.055000	0.147494  	0.055000	0.0894834 	
0.060000	1.52979   	0.060000	1.48328   	0.060000	1.37214   	0.060000	1.37214   	0.060000	1.37212   	0.060000	0.0158045 	0.060000	0.0151    	0.060000	0.111423  	0.060000	0.156827  	0.060000	0.0953868 	
0.070000	1.6592    	0.070000	1.60861   	0.070000	1.50111   	0.070000	1.50111   	0.070000	1.50109   	0.070000	0.0166194 	0.070000	0.0154754 	0.070000	0.12259   	0.070000	0.172129  	0.070000	0.105128  	
0.080000	1.78123   	0.080000	1.7268    	0.080000	1.62264   	0.080000	1.62264   	0.080000	1.62262   	0.080000	0.0173496 	0.080000	0.0158186 	0.080000	0.13168   	0.080000	0.184285  	0.080000	0.113084  	
0.090000	1.89835   	0.090000	1.84023   	0.090000	1.73884   	0.090000	1.73884   	0.090000	1.73882   	0.090000	0.0180239 	0.090000	0.016142  	0.090000	0.139551  	0.090000	0.194693  	0.090000	0.119993  	
0.100000	2.012     	0.100000	1.9503    	0.100000	1.85118   	0.100000	1.85118   	0.100000	1.85117   	0.100000	0.0186611 	0.100000	0.0164536 	0.100000	0.146323  	0.100000	0.203575  	0.100000	0.125957  	
0.120000	2.23283   	0.120000	2.16417   	0.120000	2.06827   	0.120000	2.06827   	0.120000	2.06825   	0.120000	0.0198714 	0.120000	0.0170621 	0.120000	0.158122  	0.120000	0.218856  	0.120000	0.136391  	
0.140000	2.44907   	0.140000	2.37359   	0.140000	2.27941   	0.140000	2.27941   	0.140000	2.27939   	0.140000	0.0210428 	0.140000	0.0176715 	0.140000	0.168278  	0.140000	0.231844  	0.140000	0.145421  	
0.160000	2.66335   	0.160000	2.58112   	0.160000	2.48766   	0.160000	2.48766   	0.160000	2.48764   	0.160000	0.0222063 	0.160000	0.0182958 	0.160000	0.177402  	0.160000	0.243393  	0.160000	0.15357   	
0.180000	2.87765   	0.180000	2.78867   	0.180000	2.69476   	0.180000	2.69476   	0.180000	2.69474   	0.180000	0.0233771 	0.180000	0.0189416 	0.180000	0.185771  	0.180000	0.253894  	0.180000	0.161076  	
0.200000	3.09277   	0.200000	2.997     	0.200000	2.9017    	0.200000	2.9017    	0.200000	2.90169   	0.200000	0.0245621 	0.200000	0.0196117 	0.200000	0.193656  	0.200000	0.26371   	0.200000	0.168173  	
0.250000	3.63471   	0.250000	3.52187   	0.250000	3.42154   	0.250000	3.42154   	0.250000	3.42153   	0.250000	0.0275965 	0.250000	0.0213923 	0.250000	0.211634  	0.250000	0.285821  	0.250000	0.184449  	
0.300000	4.18012   	0.300000	4.05009   	0.300000	3.94724   	0.300000	3.94724   	0.300000	3.94723   	0.300000	0.0307196 	0.300000	0.0233035 	0.300000	0.228103  	0.300000	0.305733  	0.300000	0.199457  	
0.350000	4.72111   	0.350000	4.57403   	0.350000	4.47961   	0.350000	4.47961   	0.350000	4.4796    	0.350000	0.033905  	0.350000	0.0253152 	0.350000	0.243561  	0.350000	0.324156  	0.350000	0.213618  	
0.400000	5.26171   	0.400000	5.09759   	0.400000	5.01872   	0.400000	5.01872   	0.400000	5.0187    	0.400000	0.0371314 	0.400000	0.0274015 	0.400000	0.258251  	0.400000	0.341453  	0.400000	0.227138  	
0.450000	5.80566   	0.450000	5.62441   	0.450000	5.56155   	0.450000	5.56155   	0.450000	5.56153   	0.450000	0.0403351 	0.450000	0.0295101 	0.450000	0.272317  	0.450000	0.357853  	0.450000	0.240132  	
0.500000	6.35354   	0.500000	6.15502   	0.500000	6.10745   	0.500000	6.10745   	0.500000	6.10743   	0.500000	0.0435036 	0.500000	0.0316234 	0.500000	0.285851  	0.500000	0.373491  	0.500000	0.252677  	
0.600000	7.45699   	0.600000	7.22369   	0.600000	7.21287   	0.600000	7.21287   	0.600000	7.21285   	0.600000	0.0498118 	0.600000	0.0358893 	0.600000	0.31187   	0.600000	0.403205  	0.600000	0.276893  	
0.700000	8.57771   	0.700000	8.30909   	0.700000	8.34264   	0.700000	8.34264   	0.700000	8.34262   	0.700000	0.0561842 	0.700000	0.0402485 	0.700000	0.336862  	0.700000	0.431404  	0.700000	0.300269  	
0.800000	9.72031   	0.800000	9.41568   	0.800000	9.50286   	0.800000	9.50286   	0.800000	9.50284   	0.800000	0.0627152 	0.800000	0.0447439 	0.800000	0.361263  	0.800000	0.458693  	0.800000	0.323181  	
0.900000	10.8899   	0.900000	10.5484   	0.900000	10.6955   	0.900000	10.6955   	0.900000	10.6954   	0.900000	0.0694296 	0.900000	0.0493784 	0.900000	0.38539   	0.900000	0.485465  	0.900000	0.345894  	
1.000000	12.0876   	1.000000	11.7083   	1.000000	11.9217   	1.000000	11.9217   	1.000000	11.9217   	1.000000	0.0763443 	1.000000	0.0541536 	1.000000	0.409191  	1.000000	0.511754  	1.000000	0.368369  	
1.250000	15.2245   	1.250000	14.7464   	1.250000	15.141    	1.250000	15.141    	1.250000	15.1409   	1.250000	0.0945934 	1.250000	0.0668645 	1.250000	0.468534  	1.250000	0.576758  	1.250000	0.424573  	
1.500000	18.616    	1.500000	18.031    	1.500000	18.5988   	1.500000	18.5988   	1.500000	18.5988   	1.500000	0.114512  	1.500000	0.0814762 	1.500000	0.528451  	1.500000	0.641836  	1.500000	0.481532  	
1.750000	22.2775   	1.750000	21.5771   	1.750000	22.2983   	1.750000	22.2983   	1.750000	22.2983   	1.750000	0.136116  	1.750000	0.0976561 	1.750000	0.589632  	1.750000	0.707801  	1.750000	0.539841  	
2.000000	26.2169   	2.000000	25.3924   	2.000000	26.2361   	2.000000	26.2361   	2.000000	26.2361   	2.000000	0.159345  	2.000000	0.115073  	2.000000	0.652348  	2.000000	0.774992  	2.000000	0.599724  	
2.250000	30.4492   	2.250000	29.4913   	2.250000	30.4105   	2.250000	30.4105   	2.250000	30.4104   	2.250000	0.18418   	2.250000	0.133559  	2.250000	0.716676  	2.250000	0.843636  	2.250000	0.661255  	
2.500000	34.9569   	2.500000	33.861    	2.500000	34.8201   	2.500000	34.8201   	2.500000	34.82     	2.500000	0.210616  	2.500000	0.153022  	2.500000	0.772546  	2.500000	0.913942  	2.500000	0.714906  	
3.000000	44.3025   	3.000000	43.3747   	3.000000	44.3405   	3.000000	44.3405   	3.000000	44.3405   	3.000000	0.268288  	3.000000	0.194686  	3.000000	0.880875  	3.000000	1.04665   	3.000000	0.819108  	
3.500000	54.607    	3.500000	53.8794   	3.500000	54.7884   	3.500000	54.7884   	3.500000	54.7883   	3.500000	0.332349  	3.500000	0.239845  	3.500000	0.99915   	3.500000	1.17244   	3.500000	0.93286   	
4.000000	65.8643   	4.000000	65.3436   	4.000000	66.1539   	4.000000	66.1539   	4.000000	66.1538   	4.000000	0.40277   	4.000000	0.288383  	4.000000	1.12709   	4.000000	1.30778   	4.000000	1.05596   	
4.500000	78.0664   	4.500000	77.739    	4.500000	78.4268   	4.500000	78.4268   	4.500000	78.4267   	4.500000	0.4795    	4.500000	0.340189  	4.500000	1.26447   	4.500000	1.45224   	4.500000	1.18822   	
5.000000	91.2045   	5.000000	91.0444   	5.000000	91.5966   	5.000000	91.5966   	5.000000	91.5966   	5.000000	0.562483  	5.000000	0.395174  	5.000000	1.41108   	5.000000	1.60551   	5.000000	1.32948   	
5.500000	105.27    	5.500000	105.243   	5.500000	105.653   	5.500000	105.653   	5.500000	105.653   	5.500000	0.651653  	5.500000	0.453273  	5.500000	1.56672   	5.500000	1.76727   	5.500000	1.47954   	
6.000000	120.253   	6.000000	120.322   	6.000000	120.587   	6.000000	120.587   	6.000000	120.587   	6.000000	0.746946  	6.000000	0.514425  	6.000000	1.73126   	6.000000	1.93734   	6.000000	1.63831   	
6.500000	136.146   	6.500000	136.269   	6.500000	136.388   	6.500000	136.388   	6.500000	136.387   	6.500000	0.848299  	6.500000	0.578572  	6.500000	1.90454   	6.500000	2.11549   	6.500000	1.80563   	
7.000000	152.941   	7.000000	153.072   	7.000000	153.047   	7.000000	153.047   	7.000000	153.046   	7.000000	0.955649  	7.000000	0.645661  	7.000000	2.08645   	7.000000	2.30157   	7.000000	1.98141   	
7.500000	170.628   	7.500000	170.723   	7.500000	170.555   	7.500000	170.555   	7.500000	170.555   	7.500000	1.06894   	7.500000	0.715643  	7.500000	2.27686   	7.500000	2.49541   	7.500000	2.16553   	
8.000000	189.201   	8.000000	189.211   	8.000000	188.905   	8.000000	188.905   	8.000000	188.905   	8.000000	1.18811   	8.000000	0.788475  	8.000000	2.47569   	8.000000	2.69689   	8.000000	2.35791   	
8.500000	208.652   	8.500000	208.529   	8.500000	208.089   	8.500000	208.089   	8.500000	208.089   	8.500000	1.31311   	8.500000	0.864115  	8.500000	2.68284   	8.500000	2.90589   	8.500000	2.55846   	
9.000000	228.973   	9.000000	228.668   	9.000000	228.098   	9.000000	228.098   	9.000000	228.098   	9.000000	1.44389   	9.000000	0.942524  	9.000000	2.89823   	9.000000	3.12228   	9.000000	2.7671    	
9.500000	250.158   	9.500000	249.621   	9.500000	248.927   	9.500000	248.927   	9.500000	248.927   	9.500000	1.58039   	9.500000	1.02367   	9.500000	3.12177   	9.500000	3.34598   	9.500000	2.98376   	
10.000000	272.2     	10.000000	271.377   	10.000000	270.569   	10.000000	270.569   	10.000000	270.568   	10.000000	1.72258   	10.000000	1.10751   	10.000000	3.35338   	10.000000	3.57689   	10.000000	3.20836   	
11.000000	318.829   	11.000000	317.093   	11.000000	316.3     	11.000000	316.281   	11.000000	316.294   	11.000000	2.02443   	11.000000	1.28352   	11.000000	3.841     	11.000000	4.06035   	11.000000	3.68156   	
12.000000	368.81    	12.000000	365.985   	12.000000	365.293   	12.000000	365.22    	12.000000	365.272   	12.000000	2.34986   	12.000000	1.47077   	12.000000	4.36117   	12.000000	4.57261   	12.000000	4.18682   	
13.000000	422.097   	13.000000	418.031   	13.000000	417.52    	13.000000	417.361   	13.000000	417.478   	13.000000	2.69878   	13.000000	1.6691    	13.000000	4.91373   	13.000000	5.11337   	13.000000	4.724     	
14.000000	478.646   	14.000000	473.206   	14.000000	472.957   	14.000000	472.684   	14.000000	472.89    	14.000000	3.07115   	14.000000	1.87839   	14.000000	5.49852   	14.000000	5.68235   	14.000000	5.29297   	
15.000000	538.417   	15.000000	531.486   	15.000000	531.581   	15.000000	531.168   	15.000000	531.488   	15.000000	3.4669    	15.000000	2.09866   	15.000000	6.11543   	15.000000	6.27934   	15.000000	5.89363   	
16.000000	601.369   	16.000000	592.848   	16.000000	593.374   	16.000000	592.796   	16.000000	593.253   	16.000000	3.88599   	16.000000	2.32987   	16.000000	6.76435   	16.000000	6.90412   	16.000000	6.52591   	
17.000000	667.467   	17.000000	657.267   	17.000000	658.314   	17.000000	657.553   	17.000000	658.167   	17.000000	4.32837   	17.000000	2.57187   	17.000000	7.44519   	17.000000	7.55652   	17.000000	7.18974   	
18.000000	736.674   	18.000000	724.718   	18.000000	726.387   	18.000000	725.424   	18.000000	726.214   	18.000000	4.79401   	18.000000	2.82457   	18.000000	8.15787   	18.000000	8.23637   	18.000000	7.88505   	
19.000000	808.958   	19.000000	795.178   	19.000000	797.579   	19.000000	796.397   	19.000000	797.381   	19.000000	5.28287   	19.000000	3.08794   	19.000000	8.90228   	19.000000	8.94351   	19.000000	8.61178   	
20.000000	884.285   	20.000000	868.624   	20.000000	871.876   	20.000000	870.459   	20.000000	871.654   	20.000000	5.79494   	20.000000	3.36203   	20.000000	9.67839   	20.000000	9.67781   	20.000000	9.3699    	
21.000000	962.626   	21.000000	945.032   	21.000000	949.264   	21.000000	947.601   	21.000000	949.02    	21.000000	6.3302    	21.000000	3.64686   	21.000000	10.4861   	21.000000	10.4391   	21.000000	10.1594   	
22.000000	1043.95   	22.000000	1024.38   	22.000000	1029.73   	22.000000	1027.81   	22.000000	1029.47   	22.000000	6.88863   	22.000000	3.94238   	22.000000	11.3255   	22.000000	11.2274   	22.000000	10.9802   	
23.000000	1128.23   	23.000000	1106.65   	23.000000	1113.27   	23.000000	1111.08   	23.000000	1112.98   	23.000000	7.47021   	23.000000	4.24846   	23.000000	12.1964   	23.000000	12.0425   	23.000000	11.8323   	
24.000000	1215.43   	24.000000	1191.81   	24.000000	1199.86   	24.000000	1197.4    	24.000000	1199.56   	24.000000	8.07493   	24.000000	4.56506   	24.000000	13.0988   	24.000000	12.8843   	24.000000	12.7158   	
25.000000	1305.54   	25.000000	1279.84   	25.000000	1289.5    	25.000000	1286.76   	25.000000	1289.19   	25.000000	8.70277   	25.000000	4.89219   	25.000000	14.0326   	25.000000	13.7528   	25.000000	13.6305   	
27.000000	1494.36   	27.000000	1464.46   	27.000000	1477.91   	27.000000	1474.59   	27.000000	1477.55   	27.000000	10.0277   	27.000000	5.57773   	27.000000	15.9946   	27.000000	15.5693   	27.000000	15.5537   	
29.000000	1694.48   	29.000000	1660.33   	29.000000	1678.4    	29.000000	1674.49   	29.000000	1678      	29.000000	11.4449   	29.000000	6.30452   	29.000000	18.0821   	29.000000	17.4913   	29.000000	17.6019   	
31.000000	1905.72   	31.000000	1867.29   	31.000000	1890.78   	31.000000	1886.3    	31.000000	1890.36   	31.000000	12.9518   	31.000000	7.07164   	31.000000	20.2932   	31.000000	19.5171   	31.000000	19.7736   	
33.000000	2127.92   	33.000000	2085.21   	33.000000	2114.28   	33.000000	2109.31   	33.000000	2113.84   	33.000000	14.5341   	33.000000	7.87195   	33.000000	22.6186   	33.000000	21.6381   	33.000000	22.0596   	
35.000000	2360.9    	35.000000	2313.94   	35.000000	2348.65   	35.000000	2343.25   	35.000000	2348.18   	35.000000	16.1892   	35.000000	8.70365   	35.000000	25.0552   	35.000000	23.8515   	35.000000	24.4572   	
38.000000	2730.27   	38.000000	2676.99   	38.000000	2720.25   	38.000000	2714.33   	38.000000	2719.73   	38.000000	18.8069   	38.000000	10.0094   	38.000000	28.915    	38.000000	27.3411   	38.000000	28.2596   	
41.000000	3123.07   	41.000000	3063.6    	41.000000	3115.46   	41.000000	3109.21   	41.000000	3114.93   	41.000000	21.5849   	41.000000	11.3847   	41.000000	33.0158   	41.000000	31.0295   	41.000000	32.3047   	
44.000000	3538.83   	44.000000	3473.35   	44.000000	3533.86   	44.000000	3527.43   	44.000000	3533.32   	44.000000	24.5205   	44.000000	12.8277   	44.000000	37.3523   	44.000000	34.9116   	44.000000	36.5882   	
47.000000	3977.14   	47.000000	3905.83   	47.000000	3975.05   	47.000000	3968.59   	47.000000	3974.5    	47.000000	27.6108   	47.000000	14.3381   	47.000000	41.9197   	47.000000	38.9831   	47.000000	41.1057   	
50.000000	4437.58   	50.000000	4360.66   	50.000000	4438.59   	50.000000	4432.28   	50.000000	4438.06   	50.000000	30.8529   	50.000000	15.9134   	50.000000	46.7134   	50.000000	43.2398   	50.000000	45.8532   	
55.000000	5253.13   	55.000000	5167.37   	55.000000	5259.92   	55.000000	5254.18   	55.000000	5259.43   	55.000000	36.5858   	55.000000	18.6801   	55.000000	55.194    	55.000000	50.7351   	55.000000	54.2668   	
60.000000	6127.45   	60.000000	6033.5    	60.000000	6140.78   	60.000000	6136.03   	60.000000	6140.35   	60.000000	42.7188   	60.000000	21.6188   	60.000000	64.2721   	60.000000	58.7171   	60.000000	63.2926   	
65.000000	7058.99   	65.000000	6957.53   	65.000000	7079.78   	65.000000	7076.3    	65.000000	7079.31   	65.000000	49.2388   	65.000000	24.7216   	65.000000	73.9298   	65.000000	67.1705   	65.000000	72.9153   	
70.000000	8046.36   	70.000000	7938.02   	70.000000	8075.36   	70.000000	8073.58   	70.000000	8074.9    	70.000000	56.1331   	70.000000	27.9859   	70.000000	84.1504   	70.000000	76.0813   	70.000000	83.1206   	
75.000000	9088.22   	75.000000	8973.59   	75.000000	9126.23   	75.000000	9126.52   	75.000000	9125.78   	75.000000	63.3895   	75.000000	31.4064   	75.000000	94.9179   	75.000000	85.4362   	75.000000	93.8947   	
80.000000	10183.3   	80.000000	10063     	80.000000	10231.1   	80.000000	10233.9   	80.000000	10230.7   	80.000000	70.9964   	80.000000	34.9755   	80.000000	106.217   	80.000000	95.2229   	80.000000	105.225   	
85.000000	11330.5   	85.000000	11204.9   	85.000000	11388.9   	85.000000	11394.4   	85.000000	11388.4   	85.000000	78.9423   	85.000000	38.6917   	85.000000	118.034   	85.000000	105.43    	85.000000	117.099   	
90.000000	12528.8   	90.000000	12398.2   	90.000000	12598.2   	90.000000	12606.9   	90.000000	12597.9   	90.000000	87.2164   	90.000000	42.5509   	90.000000	130.355   	90.000000	116.047   	90.000000	129.506   	
95.000000	13776.9   	95.000000	13641.7   	95.000000	13858.2   	95.000000	13870.4   	95.000000	13857.9   	95.000000	95.8083   	95.000000	46.5468   	95.000000	143.166   	95.000000	127.062   	95.000000	142.433   	
100.000000	15074.1   	100.000000	14934.5   	100.000000	15167.7   	100.000000	15183.8   	100.000000	15167.4   	100.000000	104.708   	100.000000	50.6765   	100.000000	156.455   	100.000000	138.466   	100.000000	155.871   	
105.000000	16419.3   	105.000000	16275.3   	105.000000	16525.8   	105.000000	16546     	105.000000	16525.5   	105.000000	113.906   	105.000000	54.9363   	105.000000	170.21    	105.000000	150.251   	105.000000	169.809   	
110.000000	17811.7   	110.000000	17663.2   	110.000000	17931.5   	110.000000	17956.2   	110.000000	17931.1   	110.000000	123.392   	110.000000	59.3235   	110.000000	184.418   	110.000000	162.406   	110.000000	184.236   	
115.000000	19250.4   	115.000000	19097.3   	115.000000	19383.6   	115.000000	19413.2   	115.000000	19383.3   	115.000000	133.158   	115.000000	63.8334   	115.000000	199.069   	115.000000	174.923   	115.000000	199.143   	
120.000000	20734.5   	120.000000	20576.6   	120.000000	20881.5   	120.000000	20916.4   	120.000000	20881.2   	120.000000	143.195   	120.000000	68.4607   	120.000000	214.152   	120.000000	187.794   	120.000000	214.521   	
125.000000	22263.4   	125.000000	22100.3   	125.000000	22424.2   	125.000000	22464.6   	125.000000	22424     	125.000000	153.494   	125.000000	73.2058   	125.000000	229.655   	125.000000	201.01    	125.000000	230.361   	
130.000000	23836.3   	130.000000	23667.4   	130.000000	24011     	130.000000	24057.2   	130.000000	24010.8   	130.000000	164.048   	130.000000	78.0634   	130.000000	245.569   	130.000000	214.565   	130.000000	246.653   	
135.000000	25452.4   	135.000000	25277.1   	135.000000	25640.9   	135.000000	25693.3   	135.000000	25640.7   	135.000000	174.848   	135.000000	83.0315   	135.000000	261.883   	135.000000	228.45    	135.000000	263.39    	
140.000000	27111     	140.000000	26928.6   	140.000000	27313.2   	140.000000	27372     	140.000000	27313     	140.000000	185.887   	140.000000	88.1097   	140.000000	278.588   	140.000000	242.659   	140.000000	280.562   	
145.000000	28811.6   	145.000000	28621.1   	145.000000	29027.1   	145.000000	29092.7   	145.000000	29026.9   	145.000000	197.158   	145.000000	93.2921   	145.000000	295.675   	145.000000	257.184   	145.000000	298.162   	
150.000000	30553.3   	150.000000	30353.8   	150.000000	30781.9   	150.000000	30854.5   	150.000000	30781.6   	150.000000	208.653   	150.000000	98.5757   	150.000000	313.134   	150.000000	272.02    	150.000000	316.182   	
155.000000	32360.3   	155.000000	32126.1   	155.000000	32576.8   	155.000000	32656.7   	155.000000	32576.5   	155.000000	220.365   	155.000000	103.959   	155.000000	330.956   	155.000000	287.158   	155.000000	334.614   	
160.000000	34206.4   	160.000000	33937.1   	160.000000	34411.1   	160.000000	34498.7   	160.000000	34410.7   	160.000000	232.289   	160.000000	109.439   	160.000000	349.134   	160.000000	302.594   	160.000000	353.451   	
165.000000	36090.2   	165.000000	35786.2   	165.000000	36284.1   	165.000000	36379.6   	165.000000	36283.7   	165.000000	244.416   	165.000000	115.015   	165.000000	367.658   	165.000000	318.321   	165.000000	372.685   	
170.000000	38011     	170.000000	37672.8   	170.000000	38195.2   	170.000000	38298.9   	170.000000	38194.7   	170.000000	256.742   	170.000000	120.683   	170.000000	386.52    	170.000000	334.332   	170.000000	392.309   	
175.000000	39968.2   	175.000000	39596     	175.000000	40143.6   	175.000000	40255.9   	175.000000	40143.1   	175.000000	269.259   	175.000000	126.443   	175.000000	405.713   	175.000000	350.623   	175.000000	412.315   	
180.000000	41961     	180.000000	41555.4   	180.000000	42128.8   	180.000000	42249.8   	180.000000	42128.3   	180.000000	281.963   	180.000000	132.293   	180.000000	425.229   	180.000000	367.187   	180.000000	432.699   	
185.000000	43989.1   	185.000000	43550.2   	185.000000	44150.1   	185.000000	44280.3   	185.000000	44149.5   	185.000000	294.847   	185.000000	138.23    	185.000000	445.06    	185.000000	384.02    	185.000000	453.452   	
190.000000	46051.6   	190.000000	45579.9   	190.000000	46207     	190.000000	46346.5   	190.000000	46206.3   	190.000000	307.905   	190.000000	144.249   	190.000000	465.198   	190.000000	401.115   	190.000000	474.568   	
195.000000	48148.2   	195.000000	47643.9   	195.000000	48298.7   	195.000000	48447.9   	195.000000	48298     	195.000000	321.132   	195.000000	150.349   	195.000000	485.638   	195.000000	418.468   	195.000000	496.041   	
200.000000	50278.2   	200.000000	49741.6   	200.000000	50424.8   	200.000000	50583.9   	200.000000	50424.1   	200.000000	334.524   	200.000000	156.531   	200.000000	506.371   	200.000000	436.073   	200.000000	517.865   	
210.000000	54636.3   	210.000000	54035.7   	210.000000	54777.7   	210.000000	54957.5   	210.000000	54777     	210.000000	361.779   	210.000000	169.131   	210.000000	548.693   	210.000000	472.022   	210.000000	562.539   	
220.000000	59121.9   	220.000000	58458.1   	220.000000	59261.3   	220.000000	59463     	220.000000	59260.7   	220.000000	389.63    	220.000000	182.031   	220.000000	592.11    	220.000000	508.923   	220.000000	608.544   	
230.000000	63731.1   	230.000000	63004.4   	230.000000	63871.5   	230.000000	64096     	230.000000	63870.9   	230.000000	418.041   	230.000000	195.227   	230.000000	636.574   	230.000000	546.741   	230.000000	655.834   	
240.000000	68460     	240.000000	67670.8   	240.000000	68604.2   	240.000000	68852.6   	240.000000	68603.7   	240.000000	446.978   	240.000000	208.696   	240.000000	682.037   	240.000000	585.441   	240.000000	704.366   	
250.000000	73305.2   	250.000000	72453.5   	250.000000	73455.5   	250.000000	73729     	250.000000	73455.3   	250.000000	476.405   	250.000000	222.428   	250.000000	728.454   	250.000000	624.991   	250.000000	754.099   	
260.000000	78263.1   	260.000000	77348.9   	260.000000	78421.9   	260.000000	78721.4   	260.000000	78421.9   	260.000000	506.294   	260.000000	236.414   	260.000000	775.781   	260.000000	665.357   	260.000000	804.991   	
270.000000	83330.7   	270.000000	82353.6   	270.000000	83500.2   	270.000000	83826.3   	270.000000	83500.1   	270.000000	536.614   	270.000000	250.644   	270.000000	823.979   	270.000000	706.511   	270.000000	857.005   	
280.000000	88504.8   	280.000000	87464.1   	280.000000	88686.9   	280.000000	89040.2   	280.000000	88686.4   	280.000000	567.338   	280.000000	265.11    	280.000000	873.008   	280.000000	748.424   	280.000000	910.102   	
290.000000	93782.3   	290.000000	92677.5   	290.000000	93978.3   	290.000000	94360     	290.000000	93977.7   	290.000000	598.439   	290.000000	279.804   	290.000000	922.829   	290.000000	791.068   	290.000000	964.248   	
300.000000	99160.5   	300.000000	97990.6   	300.000000	99371.5   	300.000000	99782.5   	300.000000	99370.8   	300.000000	629.892   	300.000000	294.717   	300.000000	973.408   	300.000000	834.416   	300.000000	1019.41   	
310.000000	104637    	310.000000	103401    	310.000000	104863    	310.000000	105305    	310.000000	104863    	310.000000	661.673   	310.000000	309.844   	310.000000	1024.71   	310.000000	878.443   	310.000000	1075.55   	
320.000000	110208    	320.000000	108904    	320.000000	110451    	320.000000	110923    	320.000000	110450    	320.000000	693.761   	320.000000	325.165   	320.000000	1076.7    	320.000000	923.124   	320.000000	1132.64   	
330.000000	115872    	330.000000	114500    	330.000000	116132    	330.000000	116636    	330.000000	116131    	330.000000	726.133   	330.000000	340.675   	330.000000	1129.36   	330.000000	968.437   	330.000000	1190.65   	
340.000000	121626    	340.000000	120184    	340.000000	121903    	340.000000	122440    	340.000000	121903    	340.000000	758.77    	340.000000	356.377   	340.000000	1182.64   	340.000000	1014.36   	340.000000	1249.54   	
350.000000	127468    	350.000000	125954    	350.000000	127762    	350.000000	128333    	350.000000	127762    	350.000000	791.653   	350.000000	372.258   	350.000000	1236.52   	350.000000	1060.87   	350.000000	1309.29   	
360.000000	133396    	360.000000	131808    	360.000000	133706    	360.000000	134312    	360.000000	133707    	360.000000	824.763   	360.000000	388.306   	360.000000	1290.97   	360.000000	1107.94   	360.000000	1369.88   	
370.000000	139407    	370.000000	137744    	370.000000	139734    	370.000000	140374    	370.000000	139734    	370.000000	858.084   	370.000000	404.516   	370.000000	1345.97   	370.000000	1155.56   	370.000000	1431.27   	
380.000000	145500    	380.000000	143759    	380.000000	145842    	380.000000	146518    	380.000000	145842    	380.000000	891.598   	380.000000	420.883   	380.000000	1401.5    	380.000000	1203.7    	380.000000	1493.43   	
390.000000	151672    	390.000000	149851    	390.000000	152029    	390.000000	152741    	390.000000	152029    	390.000000	925.292   	390.000000	437.401   	390.000000	1457.52   	390.000000	1252.36   	390.000000	1556.35   	
400.000000	157921    	400.000000	156018    	400.000000	158292    	400.000000	159041    	400.000000	158292    	400.000000	959.149   	400.000000	454.073   	400.000000	1514.01   	400.000000	1301.5    	400.000000	1620      	
410.000000	164245    	410.000000	162259    	410.000000	164629    	410.000000	165416    	410.000000	164629    	410.000000	993.156   	410.000000	470.902   	410.000000	1570.96   	410.000000	1351.12   	410.000000	1684.36   	
420.000000	170643    	420.000000	168570    	420.000000	171038    	420.000000	171863    	420.000000	171038    	420.000000	1027.3    	420.000000	487.871   	420.000000	1628.33   	420.000000	1401.19   	420.000000	1749.4    	
430.000000	177113    	430.000000	174951    	430.000000	177518    	430.000000	178382    	430.000000	177518    	430.000000	1061.57   	430.000000	504.962   	430.000000	1686.12   	430.000000	1451.7    	430.000000	1815.1    	
440.000000	183653    	440.000000	181399    	440.000000	184065    	440.000000	184969    	440.000000	184065    	440.000000	1095.95   	440.000000	522.175   	440.000000	1744.3    	440.000000	1502.63   	440.000000	1881.43   	
450.000000	190261    	450.000000	187913    	450.000000	190679    	450.000000	191623    	450.000000	190680    	450.000000	1130.43   	450.000000	539.515   	450.000000	1802.84   	450.000000	1553.97   	450.000000	1948.39   	
460.000000	196935    	460.000000	194491    	460.000000	197358    	460.000000	198343    	460.000000	197359    	460.000000	1165      	460.000000	556.981   	460.000000	1861.74   	460.000000	1605.71   	460.000000	2015.95   	
470.000000	203675    	470.000000	201132    	470.000000	204100    	470.000000	205126    	470.000000	204101    	470.000000	1199.65   	470.000000	574.566   	470.000000	1920.98   	470.000000	1657.83   	470.000000	2084.08   	
480.000000	210478    	480.000000	207833    	480.000000	210903    	480.000000	211972    	480.000000	210904    	480.000000	1234.37   	480.000000	592.268   	480.000000	1980.54   	480.000000	1710.31   	480.000000	2152.78   	
490.000000	217344    	490.000000	214593    	490.000000	217767    	490.000000	218877    	490.000000	217767    	490.000000	1269.16   	490.000000	610.086   	490.000000	2040.4    	490.000000	1763.14   	490.000000	2222.02   	
500.000000	224269    	500.000000	221411    	500.000000	224689    	500.000000	225841    	500.000000	224689    	500.000000	1303.99   	500.000000	628.014   	500.000000	2100.55   	500.000000	1816.32   	500.000000	2291.78   	
520.000000	238297    	520.000000	235216    	520.000000	238700    	520.000000	239940    	520.000000	238700    	520.000000	1373.79   	520.000000	664.169   	520.000000	2221.64   	520.000000	1923.65   	520.000000	2432.82   	
540.000000	252551    	540.000000	249234    	540.000000	252927    	540.000000	254257    	540.000000	252927    	540.000000	1443.7    	540.000000	700.699   	540.000000	2343.72   	540.000000	2032.2    	540.000000	2575.76   	
560.000000	267020    	560.000000	263456    	560.000000	267358    	560.000000	268779    	560.000000	267358    	560.000000	1513.67   	560.000000	737.615   	560.000000	2466.68   	560.000000	2141.88   	560.000000	2720.49   	
580.000000	281694    	580.000000	277873    	580.000000	281984    	580.000000	283499    	580.000000	281985    	580.000000	1583.65   	580.000000	774.884   	580.000000	2590.42   	580.000000	2252.62   	580.000000	2866.88   	
600.000000	296565    	600.000000	292474    	600.000000	296794    	600.000000	298405    	600.000000	296796    	600.000000	1653.6    	600.000000	812.462   	600.000000	2714.85   	600.000000	2364.33   	600.000000	3014.83   	
620.000000	311624    	620.000000	307251    	620.000000	311782    	620.000000	313488    	620.000000	311783    	620.000000	1723.47   	620.000000	850.338   	620.000000	2839.89   	620.000000	2476.94   	620.000000	3164.24   	
640.000000	326862    	640.000000	322196    	640.000000	326937    	640.000000	328741    	640.000000	326938    	640.000000	1793.23   	640.000000	888.522   	640.000000	2965.47   	640.000000	2590.39   	640.000000	3315.01   	
660.000000	342272    	660.000000	337302    	660.000000	342251    	660.000000	344154    	660.000000	342252    	660.000000	1862.85   	660.000000	927.013   	660.000000	3091.52   	660.000000	2704.62   	660.000000	3467.05   	
680.000000	357845    	680.000000	352559    	680.000000	357718    	680.000000	359721    	680.000000	357718    	680.000000	1932.29   	680.000000	965.781   	680.000000	3217.96   	680.000000	2819.55   	680.000000	3620.28   	
700.000000	373574    	700.000000	367963    	700.000000	373328    	700.000000	375435    	700.000000	373329    	700.000000	2001.53   	700.000000	1004.8    	700.000000	3344.75   	700.000000	2935.15   	700.000000	3774.62   	
720.000000	389453    	720.000000	383505    	720.000000	389077    	720.000000	391287    	720.000000	389078    	720.000000	2070.54   	720.000000	1044.05   	720.000000	3471.82   	720.000000	3051.34   	720.000000	3929.98   	
740.000000	405475    	740.000000	399180    	740.000000	404957    	740.000000	407273    	740.000000	404959    	740.000000	2139.32   	740.000000	1083.53   	740.000000	3599.12   	740.000000	3168.1    	740.000000	4086.31   	
760.000000	421634    	760.000000	414981    	760.000000	420963    	760.000000	423385    	760.000000	420966    	760.000000	2207.82   	760.000000	1123.24   	760.000000	3726.6    	760.000000	3285.36   	760.000000	4243.52   	
780.000000	437923    	780.000000	430903    	780.000000	437090    	780.000000	439619    	780.000000	437093    	780.000000	2276.05   	780.000000	1163.16   	780.000000	3854.23   	780.000000	3403.09   	780.000000	4401.57   	
800.000000	454338    	800.000000	446941    	800.000000	453332    	800.000000	455968    	800.000000	453334    	800.000000	2343.98   	800.000000	1203.26   	800.000000	3981.95   	800.000000	3521.24   	800.000000	4560.38   	
820.000000	470871    	820.000000	463088    	820.000000	469683    	820.000000	472427    	820.000000	469684    	820.000000	2411.6    	820.000000	1243.55   	820.000000	4109.73   	820.000000	3639.77   	820.000000	4719.9    	
840.000000	487518    	840.000000	479341    	840.000000	486136    	840.000000	488990    	840.000000	486137    	840.000000	2478.88   	840.000000	1284      	840.000000	4237.52   	840.000000	3758.64   	840.000000	4880.05   	
860.000000	504274    	860.000000	495693    	860.000000	502686    	860.000000	505651    	860.000000	502687    	860.000000	2545.79   	860.000000	1324.6    	860.000000	4365.27   	860.000000	3877.79   	860.000000	5040.77   	
880.000000	521134    	880.000000	512142    	880.000000	519329    	880.000000	522404    	880.000000	519330    	880.000000	2612.33   	880.000000	1365.38   	880.000000	4492.95   	880.000000	3997.2    	880.000000	5202.01   	
900.000000	538094    	900.000000	528683    	900.000000	536059    	900.000000	539247    	900.000000	536060    	900.000000	2678.48   	900.000000	1406.3    	900.000000	4620.53   	900.000000	4116.84   	900.000000	5363.73   	
920.000000	555148    	920.000000	545310    	920.000000	552874    	920.000000	556176    	920.000000	552876    	920.000000	2744.26   	920.000000	1447.36   	920.000000	4748      	920.000000	4236.67   	920.000000	5525.88   	
940.000000	572293    	940.000000	562021    	940.000000	569769    	940.000000	573186    	940.000000	569772    	940.000000	2809.65   	940.000000	1488.54   	940.000000	4875.32   	940.000000	4356.68   	940.000000	5688.43   	
960.000000	589524    	960.000000	578812    	960.000000	586742    	960.000000	590273    	960.000000	586745    	960.000000	2874.65   	960.000000	1529.85   	960.000000	5002.48   	960.000000	4476.83   	960.000000	5851.34   	
980.000000	606837    	980.000000	595679    	980.000000	603789    	980.000000	607435    	980.000000	603792    	980.000000	2939.26   	980.000000	1571.29   	980.000000	5129.45   	980.000000	4597.1    	980.000000	6014.56   	
1000.000000	624228    	1000.000000	612619    	1000.000000	620906    	1000.000000	624669    	1000.000000	620910    	1000.000000	3003.47   	1000.000000	1612.87   	1000.000000	5256.21   	1000.000000	4717.46   	1000.000000	6178.06   	
1020.000000	641695    	1020.000000	629628    	1020.000000	638092    	1020.000000	641970    	1020.000000	638095    	1020.000000	3067.29   	1020.000000	1654.58   	1020.000000	5382.75   	1020.000000	4837.91   	1020.000000	6341.82   	
1040.000000	659232    	1040.000000	646702    	1040.000000	655342    	1040.000000	659337    	1040.000000	655345    	1040.000000	3130.71   	1040.000000	1696.42   	1040.000000	5509.05   	1040.000000	4958.41   	1040.000000	6505.8    	
1060.000000	676837    	1060.000000	663840    	1060.000000	672655    	1060.000000	676766    	1060.000000	672657    	1060.000000	3193.73   	1060.000000	1738.37   	1060.000000	5635.09   	1060.000000	5078.94   	1060.000000	6669.97   	
1080.000000	694507    	1080.000000	681038    	1080.000000	690026    	1080.000000	694255    	1080.000000	690028    	1080.000000	3256.35   	1080.000000	1780.42   	1080.000000	5760.86   	1080.000000	5199.5    	1080.000000	6834.31   	
1100.000000	712237    	1100.000000	698294    	1100.000000	707454    	1100.000000	711801    	1100.000000	707456    	1100.000000	3318.58   	1100.000000	1822.58   	1100.000000	5886.36   	1100.000000	5320.06   	1100.000000	6998.78   	
1120.000000	730026    	1120.000000	715604    	1120.000000	724936    	1120.000000	729401    	1120.000000	724937    	1120.000000	3380.41   	1120.000000	1864.84   	1120.000000	6011.55   	1120.000000	5440.6    	1120.000000	7163.36   	
1140.000000	747870    	1140.000000	732966    	1140.000000	742470    	1140.000000	747054    	1140.000000	742471    	1140.000000	3441.85   	1140.000000	1907.21   	1140.000000	6136.45   	1140.000000	5561.11   	1140.000000	7328.03   	
1160.000000	765767    	1160.000000	750377    	1160.000000	760053    	1160.000000	764756    	1160.000000	760054    	1160.000000	3502.89   	1160.000000	1949.7    	1160.000000	6261.03   	1160.000000	5681.58   	1160.000000	7492.77   	
1180.000000	783712    	1180.000000	767836    	1180.000000	777684    	1180.000000	782507    	1180.000000	777685    	1180.000000	3563.54   	1180.000000	1992.3    	1180.000000	6385.29   	1180.000000	5801.99   	1180.000000	7657.55   	
1200.000000	801705    	1200.000000	785340    	1200.000000	795359    	1200.000000	800303    	1200.000000	795361    	1200.000000	3623.79   	1200.000000	2035.01   	1200.000000	6509.21   	1200.000000	5922.33   	1200.000000	7822.35   	
1220.000000	819742    	1220.000000	802886    	1220.000000	813079    	1220.000000	818143    	1220.000000	813081    	1220.000000	3683.66   	1220.000000	2077.82   	1220.000000	6632.8    	1220.000000	6042.59   	1220.000000	7987.16   	
1240.000000	837821    	1240.000000	820472    	1240.000000	830840    	1240.000000	836026    	1240.000000	830842    	1240.000000	3743.14   	1240.000000	2120.74   	1240.000000	6756.04   	1240.000000	6162.75   	1240.000000	8151.96   	
1260.000000	855939    	1260.000000	838097    	1260.000000	848640    	1260.000000	853948    	1260.000000	848643    	1260.000000	3802.24   	1260.000000	2163.74   	1260.000000	6878.92   	1260.000000	6282.81   	1260.000000	8316.72   	
1280.000000	874094    	1280.000000	855759    	1280.000000	866479    	1280.000000	871909    	1280.000000	866482    	1280.000000	3860.96   	1280.000000	2206.83   	1280.000000	7001.45   	1280.000000	6402.75   	1280.000000	8481.43   	
1300.000000	892284    	1300.000000	873455    	1300.000000	884354    	1300.000000	889907    	1300.000000	884358    	1300.000000	3919.29   	1300.000000	2250      	1300.000000	7123.61   	1300.000000	6522.56   	1300.000000	8646.08   	
1320.000000	910507    	1320.000000	891184    	1320.000000	902264    	1320.000000	907940    	1320.000000	902269    	1320.000000	3977.25   	1320.000000	2293.26   	1320.000000	7245.4    	1320.000000	6642.24   	1320.000000	8810.66   	
1340.000000	928761    	1340.000000	908943    	1340.000000	920207    	1340.000000	926006    	1340.000000	920213    	1340.000000	4034.83   	1340.000000	2336.6    	1340.000000	7366.82   	1340.000000	6761.77   	1340.000000	8975.14   	
1360.000000	947043    	1360.000000	926732    	1360.000000	938183    	1360.000000	944105    	1360.000000	938190    	1360.000000	4092.05   	1360.000000	2380.03   	1360.000000	7487.86   	1360.000000	6881.16   	1360.000000	9139.51   	
1380.000000	965351    	1380.000000	944549    	1380.000000	956190    	1380.000000	962235    	1380.000000	956197    	1380.000000	4148.89   	1380.000000	2423.53   	1380.000000	7608.52   	1380.000000	7000.38   	1380.000000	9303.76   	
1400.000000	983684    	1400.000000	962392    	1400.000000	974226    	1400.000000	980394    	1400.000000	974233    	1400.000000	4205.37   	1400.000000	2467.12   	1400.000000	7728.79   	1400.000000	7119.44   	1400.000000	9467.88   	
1420.000000	1.00204e+06	1420.000000	980259    	1420.000000	992291    	1420.000000	998581    	1420.000000	992297    	1420.000000	4261.49   	1420.000000	2510.8    	1420.000000	7848.68   	1420.000000	7238.32   	1420.000000	9631.86   	
1440.000000	1.02042e+06	1440.000000	998149    	1440.000000	1.01038e+06	1440.000000	1.0168e+06	1440.000000	1.01039e+06	1440.000000	4317.25   	1440.000000	2554.55   	1440.000000	7968.18   	1440.000000	7357.02   	1440.000000	9795.69   	
1460.000000	1.03881e+06	1460.000000	1.01606e+06	1460.000000	1.0285e+06	1460.000000	1.03504e+06	1460.000000	1.0285e+06	1460.000000	4372.65   	1460.000000	2598.38   	1460.000000	8087.28   	1460.000000	7475.54   	1460.000000	9959.35   	
1480.000000	1.05723e+06	1480.000000	1.03399e+06	1480.000000	1.04664e+06	1480.000000	1.0533e+06	1480.000000	1.04665e+06	1480.000000	4427.71   	1480.000000	2642.29   	1480.000000	8206      	1480.000000	7593.86   	1480.000000	10122.8   	
1500.000000	1.07566e+06	1500.000000	1.05194e+06	1500.000000	1.06481e+06	1500.000000	1.07159e+06	1500.000000	1.06481e+06	1500.000000	4482.41   	1500.000000	2686.28   	1500.000000	8324.32   	1500.000000	7711.99   	1500.000000	10286.1   	
1520.000000	1.0941e+06	1520.000000	1.06991e+06	1520.000000	1.08299e+06	1520.000000	1.0899e+06	1520.000000	1.083e+06 	1520.000000	4536.77   	1520.000000	2730.34   	1520.000000	8442.24   	1520.000000	7829.91   	1520.000000	10449.3   	
1540.000000	1.11256e+06	1540.000000	1.0879e+06	1540.000000	1.1012e+06	1540.000000	1.10823e+06	1540.000000	1.10121e+06	1540.000000	4590.78   	1540.000000	2774.48   	1540.000000	8559.76   	1540.000000	7947.62   	1540.000000	10612.2   	
1560.000000	1.13103e+06	1560.000000	1.1059e+06	1560.000000	1.11943e+06	1560.000000	1.12658e+06	1560.000000	1.11943e+06	1560.000000	4644.46   	1560.000000	2818.69   	1560.000000	8676.89   	1560.000000	8065.13   	1560.000000	10774.9   	
1580.000000	1.14951e+06	1580.000000	1.12391e+06	1580.000000	1.13768e+06	1580.000000	1.14496e+06	1580.000000	1.13768e+06	1580.000000	4697.8    	1580.000000	2862.98   	1580.000000	8793.62   	1580.000000	8182.41   	1580.000000	10937.4   	
1600.000000	1.168e+06 	1600.000000	1.14194e+06	1600.000000	1.15595e+06	1600.000000	1.16335e+06	1600.000000	1.15595e+06	1600.000000	4750.81   	1600.000000	2907.35   	1600.000000	8909.95   	1600.000000	8299.48   	1600.000000	11099.6   	
1620.000000	1.1865e+06	1620.000000	1.15998e+06	1620.000000	1.17423e+06	1620.000000	1.18176e+06	1620.000000	1.17423e+06	1620.000000	4803.49   	1620.000000	2951.79   	1620.000000	9025.88   	1620.000000	8416.32   	1620.000000	11261.7   	
1640.000000	1.205e+06 	1640.000000	1.17803e+06	1640.000000	1.19253e+06	1640.000000	1.20018e+06	1640.000000	1.19254e+06	1640.000000	4855.85   	1640.000000	2996.3    	1640.000000	9141.41   	1640.000000	8532.93   	1640.000000	11423.5   	
1660.000000	1.22351e+06	1660.000000	1.19609e+06	1660.000000	1.21085e+06	1660.000000	1.21863e+06	1660.000000	1.21085e+06	1660.000000	4907.88   	1660.000000	3040.89   	1660.000000	9256.54   	1660.000000	8649.31   	1660.000000	11585     	
1680.000000	1.24202e+06	1680.000000	1.21415e+06	1680.000000	1.22918e+06	1680.000000	1.23708e+06	1680.000000	1.22919e+06	1680.000000	4959.59   	1680.000000	3085.55   	1680.000000	9371.28   	1680.000000	8765.46   	1680.000000	11746.3   	
1700.000000	1.26053e+06	1700.000000	1.23223e+06	1700.000000	1.24753e+06	1700.000000	1.25556e+06	1700.000000	1.24753e+06	1700.000000	5010.99   	1700.000000	3130.28   	1700.000000	9485.62   	1700.000000	8881.37   	1700.000000	11907.4   	
1750.000000	1.30682e+06	1750.000000	1.27745e+06	1750.000000	1.29346e+06	1750.000000	1.3018e+06	1750.000000	1.29346e+06	1750.000000	5138.13   	1750.000000	3242.43   	1750.000000	9769.72   	1750.000000	9170.09   	1750.000000	12308.9   	
1800.000000	1.3531e+06	1800.000000	1.3227e+06	1800.000000	1.33946e+06	1800.000000	1.34811e+06	1800.000000	1.33947e+06	1800.000000	5263.38   	1800.000000	3355      	1800.000000	10051.4   	1800.000000	9457.28   	1800.000000	12708.7   	
1850.000000	1.39935e+06	1850.000000	1.36796e+06	1850.000000	1.38553e+06	1850.000000	1.3945e+06	1850.000000	1.38554e+06	1850.000000	5386.77   	1850.000000	3467.97   	1850.000000	10330.5   	1850.000000	9742.9    	1850.000000	13106.8   	
1900.000000	1.44557e+06	1900.000000	1.41324e+06	1900.000000	1.43166e+06	1900.000000	1.44094e+06	1900.000000	1.43167e+06	1900.000000	5508.37   	1900.000000	3581.32   	1900.000000	10607.3   	1900.000000	10026.9   	1900.000000	13503     	
1950.000000	1.49174e+06	1950.000000	1.45851e+06	1950.000000	1.47784e+06	1950.000000	1.48743e+06	1950.000000	1.47785e+06	1950.000000	5628.22   	1950.000000	3695.04   	1950.000000	10881.6   	1950.000000	10309.4   	1950.000000	13897.4   	
2000.000000	1.53785e+06	2000.000000	1.50376e+06	2000.000000	1.52406e+06	2000.000000	1.53397e+06	2000.000000	1.52407e+06	2000.000000	5746.36   	2000.000000	3809.14   	2000.000000	11153.5   	2000.000000	10590.1   	2000.000000	14290     	
2100.000000	1.62983e+06	2100.000000	1.59419e+06	2100.000000	1.61661e+06	2100.000000	1.62715e+06	2100.000000	1.61662e+06	2100.000000	5977.73   	2100.000000	4038.47   	2100.000000	11690.4   	2100.000000	11146.8   	2100.000000	15069.3   	
2200.000000	1.72142e+06	2200.000000	1.68446e+06	2200.000000	1.70926e+06	2200.000000	1.72042e+06	2200.000000	1.70928e+06	2200.000000	6202.83   	2200.000000	4269.37   	2200.000000	12218     	2200.000000	11696.9   	2200.000000	15840.7   	
2300.000000	1.81258e+06	2300.000000	1.77452e+06	2300.000000	1.80198e+06	2300.000000	1.81376e+06	2300.000000	1.80199e+06	2300.000000	6421.99   	2300.000000	4501.86   	2300.000000	12736.7   	2300.000000	12240.3   	2300.000000	16604.1   	
2400.000000	1.90322e+06	2400.000000	1.86432e+06	2400.000000	1.89473e+06	2400.000000	1.90713e+06	2400.000000	1.89474e+06	2400.000000	6635.53   	2400.000000	4735.93   	2400.000000	13246.6   	2400.000000	12777.1   	2400.000000	17359.5   	
2500.000000	1.9933e+06	2500.000000	1.95381e+06	2500.000000	1.98748e+06	2500.000000	2.0005e+06	2500.000000	1.98749e+06	2500.000000	6843.73   	2500.000000	4971.53   	2500.000000	13748.1   	2500.000000	13307.4   	2500.000000	18106.8   	
2600.000000	2.08279e+06	2600.000000	2.04297e+06	2600.000000	2.0802e+06	2600.000000	2.09384e+06	2600.000000	2.08021e+06	2600.000000	7046.87   	2600.000000	5208.64   	2600.000000	14241.5   	2600.000000	13831.2   	2600.000000	18846.1   	
2700.000000	2.17163e+06	2700.000000	2.13177e+06	2700.000000	2.17289e+06	2700.000000	2.18714e+06	2700.000000	2.1729e+06	2700.000000	7245.21   	2700.000000	5447.21   	2700.000000	14726.9   	2700.000000	14348.6   	2700.000000	19577.4   	
2800.000000	2.2598e+06	2800.000000	2.22017e+06	2800.000000	2.26552e+06	2800.000000	2.28038e+06	2800.000000	2.26552e+06	2800.000000	7438.99   	2800.000000	5687.23   	2800.000000	15204.7   	2800.000000	14859.7   	2800.000000	20300.7   	
2900.000000	2.34728e+06	2900.000000	2.30816e+06	2900.000000	2.35807e+06	2900.000000	2.37355e+06	2900.000000	2.35808e+06	2900.000000	7628.43   	2900.000000	5928.68   	2900.000000	15675     	2900.000000	15364.6   	2900.000000	21016.2   	
3000.000000	2.43404e+06	3000.000000	2.39572e+06	3000.000000	2.45054e+06	3000.000000	2.46663e+06	3000.000000	2.45055e+06	3000.000000	7813.74   	3000.000000	6171.54   	3000.000000	16138.1   	3000.000000	15863.5   	3000.000000	21724     	
3200.000000	2.60533e+06	3200.000000	2.56949e+06	3200.000000	2.63518e+06	3200.000000	2.65249e+06	3200.000000	2.63519e+06	3200.000000	8172.73   	3200.000000	6661.45   	3200.000000	17043.8   	3200.000000	16843.3   	3200.000000	23116.7   	
3400.000000	2.77357e+06	3400.000000	2.74136e+06	3400.000000	2.81938e+06	3400.000000	2.83791e+06	3400.000000	2.8194e+06	3400.000000	8517.38   	3400.000000	7156.85   	3400.000000	17923.4   	3400.000000	17800.3   	3400.000000	24479.9   	
3600.000000	2.9387e+06	3600.000000	2.91128e+06	3600.000000	3.00311e+06	3600.000000	3.02283e+06	3600.000000	3.00313e+06	3600.000000	8848.94   	3600.000000	7657.68   	3600.000000	18778.6   	3600.000000	18735.3   	3600.000000	25814.6   	
3800.000000	3.10068e+06	3800.000000	3.07921e+06	3800.000000	3.18632e+06	3800.000000	3.20723e+06	3800.000000	3.18634e+06	3800.000000	9168.5    	3800.000000	8163.86   	3800.000000	19611     	3800.000000	19649.4   	3800.000000	27121.9   	
4000.000000	3.2595e+06	4000.000000	3.2451e+06	4000.000000	3.36899e+06	4000.000000	3.39109e+06	4000.000000	3.36902e+06	4000.000000	9477.02   	4000.000000	8675.33   	4000.000000	20421.8   	4000.000000	20543.4   	4000.000000	28402.9   	
4200.000000	3.41518e+06	4200.000000	3.40897e+06	4200.000000	3.55113e+06	4200.000000	3.57439e+06	4200.000000	3.55116e+06	4200.000000	9775.38   	4200.000000	9192.01   	4200.000000	21212.4   	4200.000000	21418.3   	4200.000000	29658.6   	
4400.000000	3.56774e+06	4400.000000	3.5708e+06	4400.000000	3.73272e+06	4400.000000	3.75714e+06	4400.000000	3.73275e+06	4400.000000	10064.3   	4400.000000	9713.86   	4400.000000	21983.9   	4400.000000	22274.8   	4400.000000	30890.1   	
4600.000000	3.71723e+06	4600.000000	3.7306e+06	4600.000000	3.91375e+06	4600.000000	3.93933e+06	4600.000000	3.91379e+06	4600.000000	10344.5   	4600.000000	10240.8   	4600.000000	22737.4   	4600.000000	23113.9   	4600.000000	32098.4   	
4800.000000	3.86367e+06	4800.000000	3.88839e+06	4800.000000	4.09424e+06	4800.000000	4.12096e+06	4800.000000	4.09428e+06	4800.000000	10616.6   	4800.000000	10772.8   	4800.000000	23474     	4800.000000	23936.3   	4800.000000	33284.4   	
5000.000000	4.00714e+06	5000.000000	4.04419e+06	5000.000000	4.27419e+06	5000.000000	4.30204e+06	5000.000000	4.27423e+06	5000.000000	10881.2   	5000.000000	11309.8   	5000.000000	24194.4   	5000.000000	24742.8   	5000.000000	34449     	
5250.000000	4.18238e+06	5250.000000	4.23619e+06	5250.000000	4.49837e+06	5250.000000	4.52763e+06	5250.000000	4.49841e+06	5250.000000	11201.9   	5250.000000	11988.1   	5250.000000	25073.7   	5250.000000	25729.4   	5250.000000	35876.1   	
5500.000000	4.35316e+06	5500.000000	4.42516e+06	5500.000000	4.72173e+06	5500.000000	4.75238e+06	5500.000000	4.72177e+06	5500.000000	11512.5   	5500.000000	12673.9   	5500.000000	25930.6   	5500.000000	26693.4   	5500.000000	37272.7   	
6000.000000	4.68189e+06	6000.000000	4.7943e+06	6000.000000	5.16604e+06	6000.000000	5.19945e+06	6000.000000	5.16608e+06	6000.000000	12106.1   	6000.000000	14068.1   	6000.000000	27583     	6000.000000	28558.2   	6000.000000	39980.4   	
6500.000000	4.99436e+06	6500.000000	5.15214e+06	6500.000000	5.6073e+06	6500.000000	5.6434e+06	6500.000000	5.60734e+06	6500.000000	12667.1   	6500.000000	15491.7   	6500.000000	29161     	6500.000000	30345.5   	6500.000000	42583.1   	
7000.000000	5.29158e+06	7000.000000	5.49921e+06	7000.000000	6.04564e+06	7000.000000	6.08441e+06	7000.000000	6.04568e+06	7000.000000	13199.6   	7000.000000	16943.8   	7000.000000	30672.7   	7000.000000	32062.7   	7000.000000	45090.1   	
7500.000000	5.57452e+06	7500.000000	5.83604e+06	7500.000000	6.48124e+06	7500.000000	6.52264e+06	7500.000000	6.48128e+06	7500.000000	13707.2   	7500.000000	18423.9   	7500.000000	32124.9   	7500.000000	33716     	7500.000000	47509.7   	
8000.000000	5.84412e+06	8000.000000	6.16314e+06	8000.000000	6.91425e+06	8000.000000	6.95823e+06	8000.000000	6.91429e+06	8000.000000	14192.6   	8000.000000	19931.2   	8000.000000	33523.1   	8000.000000	35310.9   	8000.000000	49849.2   	
8500.000000	6.10125e+06	8500.000000	6.48103e+06	8500.000000	7.34481e+06	8500.000000	7.39133e+06	8500.000000	7.34484e+06	8500.000000	14658.2   	8500.000000	21465     	8500.000000	34872.5   	8500.000000	36852.3   	8500.000000	52114.9   	
9000.000000	6.34672e+06	9000.000000	6.79016e+06	9000.000000	7.77304e+06	9000.000000	7.82208e+06	9000.000000	7.77308e+06	9000.000000	15105.9   	9000.000000	23024.4   	9000.000000	36177.1   	9000.000000	38344.3   	9000.000000	54312.6   	
9500.000000	6.58127e+06	9500.000000	7.09098e+06	9500.000000	8.19907e+06	9500.000000	8.25061e+06	9500.000000	8.19912e+06	9500.000000	15537.5   	9500.000000	24608.8   	9500.000000	37440.7   	9500.000000	39790.8   	9500.000000	56447.1   	
10000.000000	6.80561e+06	10000.000000	7.3839e+06	10000.000000	8.62303e+06	10000.000000	8.67702e+06	10000.000000	8.62308e+06	10000.000000	15954.4   	10000.000000	26218.1   	10000.000000	38666.5   	10000.000000	41195     	10000.000000	58523     	
11000.000000	7.22618e+06	11000.000000	7.94762e+06	11000.000000	9.46515e+06	11000.000000	9.52394e+06	11000.000000	9.46517e+06	11000.000000	16748.9   	11000.000000	29509.5   	11000.000000	41015.9   	11000.000000	43888.2   	11000.000000	62514.5   	
12000.000000	7.61298e+06	12000.000000	8.48415e+06	12000.000000	1.03001e+07	12000.000000	1.03636e+07	12000.000000	1.03001e+07	12000.000000	17497.8   	12000.000000	32892.3   	12000.000000	43244.4   	12000.000000	46444     	12000.000000	66314.3   	
13000.000000	7.96993e+06	13000.000000	8.99598e+06	13000.000000	1.11285e+07	13000.000000	1.11967e+07	13000.000000	1.11285e+07	13000.000000	18207.6   	13000.000000	36361.7   	13000.000000	45367.3   	13000.000000	48879     	13000.000000	69944.8   	
14000.000000	8.30034e+06	14000.000000	9.48527e+06	14000.000000	1.1951e+07	14000.000000	1.20237e+07	14000.000000	1.1951e+07	14000.000000	18883.3   	14000.000000	39916.4   	14000.000000	47397.1   	14000.000000	51206.6   	14000.000000	73424.5   	
15000.000000	8.60709e+06	15000.000000	9.95395e+06	15000.000000	1.2768e+07	15000.000000	1.28451e+07	15000.000000	1.27681e+07	15000.000000	19529.1   	15000.000000	43555.4   	15000.000000	49343.8   	15000.000000	53438.2   	15000.000000	76769     	
16000.000000	8.89263e+06	16000.000000	1.04037e+07	16000.000000	1.358e+07 	16000.000000	1.36615e+07	16000.000000	1.358e+07 	16000.000000	20148.4   	16000.000000	47276.1   	16000.000000	51216.2   	16000.000000	55583.3   	16000.000000	79991.3   	
17000.000000	9.15911e+06	17000.000000	1.0836e+07	17000.000000	1.43874e+07	17000.000000	1.4473e+07	17000.000000	1.43873e+07	17000.000000	20743.9   	17000.000000	51075     	17000.000000	53021.4   	17000.000000	57649.9   	17000.000000	83102.6   	
18000.000000	9.40838e+06	18000.000000	1.12522e+07	18000.000000	1.51904e+07	18000.000000	1.52802e+07	18000.000000	1.51902e+07	18000.000000	21318.1   	18000.000000	54948.2   	18000.000000	54765.4   	18000.000000	59645.1   	18000.000000	86112.6   	
19000.000000	9.64205e+06	19000.000000	1.16535e+07	19000.000000	1.59893e+07	19000.000000	1.60831e+07	19000.000000	1.59891e+07	19000.000000	21872.9   	19000.000000	58892.2   	19000.000000	56453.7   	19000.000000	61574.9   	19000.000000	89029.7   	
20000.000000	9.86155e+06	20000.000000	1.20408e+07	20000.000000	1.67844e+07	20000.000000	1.68823e+07	20000.000000	1.67842e+07	20000.000000	22410     	20000.000000	62904.2   	20000.000000	58090.8   	20000.000000	63444.5   	20000.000000	91861.2   	
21000.000000	1.00681e+07	21000.000000	1.24153e+07	21000.000000	1.75758e+07	21000.000000	1.76777e+07	21000.000000	1.75756e+07	21000.000000	22931.1   	21000.000000	66982     	21000.000000	59680.7   	21000.000000	65258.5   	21000.000000	94613.5   	
22000.000000	1.02629e+07	22000.000000	1.27776e+07	22000.000000	1.83639e+07	22000.000000	1.84697e+07	22000.000000	1.83637e+07	22000.000000	23437.3   	22000.000000	71126.7   	22000.000000	61227     	22000.000000	67021.1   	22000.000000	97292.3   	
23000.000000	1.04469e+07	23000.000000	1.31287e+07	23000.000000	1.91489e+07	23000.000000	1.92585e+07	23000.000000	1.91487e+07	23000.000000	23929.7   	23000.000000	75337.5   	23000.000000	62732.6   	23000.000000	68735.8   	23000.000000	99902.7   	
24000.000000	1.06209e+07	24000.000000	1.34692e+07	24000.000000	1.99308e+07	24000.000000	2.00442e+07	24000.000000	1.99306e+07	24000.000000	24409.5   	24000.000000	79610.3   	24000.000000	64200.4   	24000.000000	70406     	24000.000000	102449    	
25000.000000	1.07857e+07	25000.000000	1.37997e+07	25000.000000	2.07098e+07	25000.000000	2.08269e+07	25000.000000	2.07096e+07	25000.000000	24877.4   	25000.000000	83942.3   	25000.000000	65633     	25000.000000	72034.3   	25000.000000	104936    	
26000.000000	1.0942e+07	26000.000000	1.41208e+07	26000.000000	2.14861e+07	26000.000000	2.16069e+07	26000.000000	2.14859e+07	26000.000000	25334.3   	26000.000000	88333     	26000.000000	67032.3   	26000.000000	73623.6   	26000.000000	107366    	
27000.000000	1.10906e+07	27000.000000	1.44331e+07	27000.000000	2.22599e+07	27000.000000	2.23842e+07	27000.000000	2.22597e+07	27000.000000	25780.9   	27000.000000	92782.8   	27000.000000	68400.6   	27000.000000	75176.1   	27000.000000	109744    	
28000.000000	1.12318e+07	28000.000000	1.4737e+07	28000.000000	2.30311e+07	28000.000000	2.3159e+07	28000.000000	2.30309e+07	28000.000000	26217.9   	28000.000000	97291.3   	28000.000000	69739.6   	28000.000000	76693.9   	28000.000000	112072    	
29000.000000	1.13664e+07	29000.000000	1.5033e+07	29000.000000	2.38e+07  	29000.000000	2.39313e+07	29000.000000	2.37998e+07	29000.000000	26645.7   	29000.000000	101856    	29000.000000	71050.9   	29000.000000	78179     	29000.000000	114352    	
30000.000000	1.14946e+07	30000.000000	1.53214e+07	30000.000000	2.45667e+07	30000.000000	2.47013e+07	30000.000000	2.45665e+07	30000.000000	27064.9   	30000.000000	106474    	30000.000000	72336     	30000.000000	79633.2   	30000.000000	116588    	
32000.000000	1.17339e+07	32000.000000	1.58774e+07	32000.000000	2.60935e+07	32000.000000	2.62348e+07	32000.000000	2.60934e+07	32000.000000	27879.6   	32000.000000	115866    	32000.000000	74833.1   	32000.000000	82455.2   	32000.000000	120935    	
34000.000000	1.19527e+07	34000.000000	1.64076e+07	34000.000000	2.76124e+07	34000.000000	2.776e+07 	34000.000000	2.76123e+07	34000.000000	28665.2   	34000.000000	125467    	34000.000000	77240.7   	34000.000000	85171.3   	34000.000000	125129    	
36000.000000	1.21534e+07	36000.000000	1.69143e+07	36000.000000	2.91239e+07	36000.000000	2.92776e+07	36000.000000	2.91239e+07	36000.000000	29424.5   	36000.000000	135270    	36000.000000	79566.9   	36000.000000	87791.2   	36000.000000	129183    	
38000.000000	1.23383e+07	38000.000000	1.73996e+07	38000.000000	3.06285e+07	38000.000000	3.07881e+07	38000.000000	3.06286e+07	38000.000000	30159.9   	38000.000000	145262    	38000.000000	81818.7   	38000.000000	90323.5   	38000.000000	133110    	
40000.000000	1.2509e+07	40000.000000	1.78653e+07	40000.000000	3.21268e+07	40000.000000	3.22919e+07	40000.000000	3.21269e+07	40000.000000	30873.6   	40000.000000	155429    	40000.000000	84002.3   	40000.000000	92775.2   	40000.000000	136920    	
42000.000000	1.26671e+07	42000.000000	1.8313e+07	42000.000000	3.36191e+07	42000.000000	3.37895e+07	42000.000000	3.36193e+07	42000.000000	31567.2   	42000.000000	165763    	42000.000000	86123     	42000.000000	95152.8   	42000.000000	140622    	
44000.000000	1.28139e+07	44000.000000	1.8744e+07	44000.000000	3.51058e+07	44000.000000	3.52811e+07	44000.000000	3.5106e+07	44000.000000	32242.4   	44000.000000	176261    	44000.000000	88185.5   	44000.000000	97461.8   	44000.000000	144224    	
46000.000000	1.29505e+07	46000.000000	1.91595e+07	46000.000000	3.65873e+07	46000.000000	3.67673e+07	46000.000000	3.65875e+07	46000.000000	32900.5   	46000.000000	186926    	46000.000000	90193.9   	46000.000000	99707.2   	46000.000000	147732    	
48000.000000	1.3078e+07	48000.000000	1.95607e+07	48000.000000	3.80637e+07	48000.000000	3.82481e+07	48000.000000	3.8064e+07	48000.000000	33542.8   	48000.000000	197756    	48000.000000	92152     	48000.000000	101893    	48000.000000	151154    	
50000.000000	1.31972e+07	50000.000000	1.99486e+07	50000.000000	3.95354e+07	50000.000000	3.9724e+07	50000.000000	3.95358e+07	50000.000000	34170.3   	50000.000000	208750    	50000.000000	94063     	50000.000000	104024    	50000.000000	154494    	
