! 14C range in Si
! apply ZOOM for details
Energy (MeV/u)1	0 - [He-base] F.Hubert et al, AD&ND Tables 46(1990)1	Energy (MeV/u)2	1 - [H -base] J.F.Ziegler et al,Pergamon Press,NY(low energy)	Energy (MeV/u)3	2 - ATIMA 1.2 LS-theory (recommended for high energy)	Energy (MeV/u)4	3 - ATIMA 1.2 without LS-correction	Energy (MeV/u)5	4 - ATIMA 1.4 H.Weick, improved mean charge formula for HI	Energy (MeV/u)6	5 - Range straggling - method [0] - LISE	Energy (MeV/u)7	6 - Range straggling - method [1] - Atima	Energy (MeV/u)8	7 - Lateral range - method [0] - LISE	Energy (MeV/u)9	8 - Lateral range - method [1] - Atima	Energy (MeV/u)10	9 - Lateral range - method [2] - PDG	
0.001000	0.0582381 	0.001000	0.0582381 	0.001000	0.0509438 	0.001000	0.0509438 	0.001000	0.0509412 	0.001000	0         	0.001000	0         	0.001000	0.000711901	0.001000	0.00115272	0.001000	0.000532945	
0.002000	0.118371  	0.002000	0.116476  	0.002000	0.101888  	0.002000	0.101888  	0.002000	0.101882  	0.002000	0.00658974	0.002000	0.00658974	0.002000	0.00208476	0.002000	0.00326109	0.002000	0.0016245 	
0.005000	0.277931  	0.005000	0.271008  	0.005000	0.235808  	0.005000	0.235808  	0.005000	0.2358    	0.005000	0.00788046	0.005000	0.00788046	0.005000	0.00759834	0.005000	0.0114548 	0.005000	0.00614557	
0.008000	0.418383  	0.008000	0.407034  	0.008000	0.353427  	0.008000	0.353427  	0.008000	0.353416  	0.008000	0.00794074	0.008000	0.00794074	0.008000	0.0141914 	0.008000	0.0210098 	0.008000	0.0116679 	
0.010000	0.504748  	0.010000	0.490676  	0.010000	0.425847  	0.010000	0.425847  	0.010000	0.425836  	0.010000	0.00815663	0.010000	0.00815663	0.010000	0.0189244 	0.010000	0.027785  	0.010000	0.0156708 	
0.015000	0.701942  	0.015000	0.681656  	0.015000	0.591867  	0.015000	0.591867  	0.015000	0.591854  	0.015000	0.00928182	0.015000	0.00928182	0.015000	0.0314545 	0.015000	0.0455202 	0.015000	0.026358  	
0.020000	0.866648  	0.020000	0.841171  	0.020000	0.735021  	0.020000	0.735021  	0.020000	0.735008  	0.020000	0.0105889 	0.020000	0.0105889 	0.020000	0.0438742 	0.020000	0.0629623 	0.020000	0.0370109 	
0.025000	1.00451   	0.025000	0.974686  	0.025000	0.858758  	0.025000	0.858758  	0.025000	0.858744  	0.025000	0.0117258 	0.025000	0.0117258 	0.025000	0.0556754 	0.025000	0.0794689 	0.025000	0.0471623 	
0.030000	1.12378   	0.030000	1.0902    	0.030000	0.968605  	0.030000	0.968605  	0.030000	0.968591  	0.030000	0.0126852 	0.030000	0.0126852 	0.030000	0.0669326 	0.030000	0.0951594 	0.030000	0.0568701 	
0.035000	1.22964   	0.035000	1.19273   	0.035000	1.06849   	0.035000	1.06849   	0.035000	1.06848   	0.035000	0.0135095 	0.035000	0.0135095 	0.035000	0.0777816 	0.035000	0.11023   	0.035000	0.0662481 	
0.040000	1.3255    	0.040000	1.28556   	0.040000	1.1606    	0.040000	1.1606    	0.040000	1.16058   	0.040000	0.0142254 	0.040000	0.0142254 	0.040000	0.0882809 	0.040000	0.124772  	0.040000	0.0753421 	
0.045000	1.4137    	0.045000	1.37099   	0.045000	1.24651   	0.045000	1.24651   	0.045000	1.24649   	0.045000	0.0148561 	0.045000	0.0148561 	0.045000	0.0984906 	0.045000	0.138876  	0.045000	0.0842016 	
0.050000	1.49598   	0.050000	1.45067   	0.050000	1.32742   	0.050000	1.32742   	0.050000	1.3274    	0.050000	0.0154201 	0.050000	0.0152265 	0.050000	0.107931  	0.050000	0.151884  	0.050000	0.0924074 	
0.055000	1.57358   	0.055000	1.52582   	0.055000	1.40424   	0.055000	1.40424   	0.055000	1.40422   	0.055000	0.0159314 	0.055000	0.0154567 	0.055000	0.115859  	0.055000	0.16278   	0.055000	0.0993105 	
0.060000	1.64745   	0.060000	1.59737   	0.060000	1.47767   	0.060000	1.47767   	0.060000	1.47766   	0.060000	0.0164011 	0.060000	0.0156699 	0.060000	0.122687  	0.060000	0.172139  	0.060000	0.105266  	
0.070000	1.78681   	0.070000	1.73234   	0.070000	1.61656   	0.070000	1.61656   	0.070000	1.61655   	0.070000	0.0172467 	0.070000	0.0160595 	0.070000	0.134027  	0.070000	0.187286  	0.070000	0.115181  	
0.080000	1.91823   	0.080000	1.85962   	0.080000	1.74744   	0.080000	1.74744   	0.080000	1.74742   	0.080000	0.0180045 	0.080000	0.0164157 	0.080000	0.143331  	0.080000	0.199568  	0.080000	0.123342  	
0.090000	2.04436   	0.090000	1.98177   	0.090000	1.87258   	0.090000	1.87258   	0.090000	1.87256   	0.090000	0.0187042 	0.090000	0.0167513 	0.090000	0.151386  	0.090000	0.21006   	0.090000	0.130429  	
0.100000	2.16675   	0.100000	2.1003    	0.100000	1.99357   	0.100000	1.99357   	0.100000	1.99355   	0.100000	0.0193654 	0.100000	0.0170747 	0.100000	0.158381  	0.100000	0.219092  	0.100000	0.136604  	
0.120000	2.40457   	0.120000	2.33062   	0.120000	2.22735   	0.120000	2.22735   	0.120000	2.22733   	0.120000	0.0206214 	0.120000	0.0177061 	0.120000	0.17054   	0.120000	0.234635  	0.120000	0.147382  	
0.140000	2.63744   	0.140000	2.55616   	0.140000	2.45472   	0.140000	2.45472   	0.140000	2.45471   	0.140000	0.0218371 	0.140000	0.0183386 	0.140000	0.181052  	0.140000	0.247929  	0.140000	0.156749  	
0.160000	2.8682    	0.160000	2.77965   	0.160000	2.67899   	0.160000	2.67899   	0.160000	2.67898   	0.160000	0.0230445 	0.160000	0.0189864 	0.160000	0.190526  	0.160000	0.259798  	0.160000	0.16523   	
0.180000	3.09898   	0.180000	3.00315   	0.180000	2.90202   	0.180000	2.90202   	0.180000	2.90201   	0.180000	0.0242595 	0.180000	0.0196566 	0.180000	0.199195  	0.180000	0.270581  	0.180000	0.173024  	
0.200000	3.33064   	0.200000	3.22752   	0.200000	3.12489   	0.200000	3.12489   	0.200000	3.12487   	0.200000	0.0254892 	0.200000	0.020352  	0.200000	0.207416  	0.200000	0.28072   	0.200000	0.180439  	
0.250000	3.91427   	0.250000	3.79275   	0.250000	3.68471   	0.250000	3.68471   	0.250000	3.68469   	0.250000	0.0286381 	0.250000	0.0221998 	0.250000	0.226109  	0.250000	0.303511  	0.250000	0.1974    	
0.300000	4.50163   	0.300000	4.3616    	0.300000	4.25084   	0.300000	4.25084   	0.300000	4.25082   	0.300000	0.0318791 	0.300000	0.0241831 	0.300000	0.243321  	0.300000	0.324137  	0.300000	0.21312   	
0.350000	5.08423   	0.350000	4.92584   	0.350000	4.82416   	0.350000	4.82416   	0.350000	4.82414   	0.350000	0.0351847 	0.350000	0.0262707 	0.350000	0.259473  	0.350000	0.343199  	0.350000	0.22795   	
0.400000	5.66641   	0.400000	5.48967   	0.400000	5.40473   	0.400000	5.40473   	0.400000	5.40471   	0.400000	0.0385329 	0.400000	0.0284357 	0.400000	0.274811  	0.400000	0.361043  	0.400000	0.242101  	
0.450000	6.2522    	0.450000	6.057     	0.450000	5.98931   	0.450000	5.98931   	0.450000	5.98929   	0.450000	0.0418576 	0.450000	0.0306239 	0.450000	0.289563  	0.450000	0.378011  	0.450000	0.255758  	
0.500000	6.84222   	0.500000	6.62843   	0.500000	6.5772    	0.500000	6.5772    	0.500000	6.57718   	0.500000	0.0451456 	0.500000	0.032817  	0.500000	0.303737  	0.500000	0.394166  	0.500000	0.268928  	
0.600000	8.03054   	0.600000	7.77929   	0.600000	7.76764   	0.600000	7.76764   	0.600000	7.76762   	0.600000	0.0516919 	0.600000	0.0372439 	0.600000	0.331039  	0.600000	0.424909  	0.600000	0.294398  	
0.700000	9.23745   	0.700000	8.94818   	0.700000	8.9843    	0.700000	8.9843    	0.700000	8.98428   	0.700000	0.0583048 	0.700000	0.0417676 	0.700000	0.357315  	0.700000	0.454137  	0.700000	0.319031  	
0.800000	10.4679   	0.800000	10.1399   	0.800000	10.2338   	0.800000	10.2338   	0.800000	10.2337   	0.800000	0.0650824 	0.800000	0.0464327 	0.800000	0.383005  	0.800000	0.482466  	0.800000	0.343207  	
0.900000	11.7275   	0.900000	11.3597   	0.900000	11.5181   	0.900000	11.5181   	0.900000	11.5181   	0.900000	0.0720502 	0.900000	0.0512421 	0.900000	0.408394  	0.900000	0.510259  	0.900000	0.367163  	
1.000000	13.0173   	1.000000	12.6089   	1.000000	12.8387   	1.000000	12.8387   	1.000000	12.8387   	1.000000	0.0792259 	1.000000	0.0561976 	1.000000	0.4335    	1.000000	0.537613  	1.000000	0.390919  	
1.250000	16.3955   	1.250000	15.8806   	1.250000	16.3055   	1.250000	16.3055   	1.250000	16.3055   	1.250000	0.0981638 	1.250000	0.0693883 	1.250000	0.496075  	1.250000	0.605283  	1.250000	0.450304  	
1.500000	20.0478   	1.500000	19.4179   	1.500000	20.0293   	1.500000	20.0293   	1.500000	20.0293   	1.500000	0.118834  	1.500000	0.0845515 	1.500000	0.559273  	1.500000	0.673121  	1.500000	0.510495  	
1.750000	23.9909   	1.750000	23.2367   	1.750000	24.0133   	1.750000	24.0133   	1.750000	24.0133   	1.750000	0.141253  	1.750000	0.101342  	1.750000	0.623841  	1.750000	0.741964  	1.750000	0.572135  	
2.000000	28.2333   	2.000000	27.3454   	2.000000	28.254    	2.000000	28.254    	2.000000	28.254    	2.000000	0.165359  	2.000000	0.119416  	2.000000	0.690041  	2.000000	0.812144  	2.000000	0.635443  	
2.250000	32.7911   	2.250000	31.7596   	2.250000	32.7495   	2.250000	32.7495   	2.250000	32.7494   	2.250000	0.191132  	2.250000	0.1386    	2.250000	0.75214   	2.250000	0.883909  	2.250000	0.69501   	
2.500000	37.6456   	2.500000	36.4654   	2.500000	37.4982   	2.500000	37.4982   	2.500000	37.4982   	2.500000	0.218566  	2.500000	0.158798  	2.500000	0.804564  	2.500000	0.957413  	2.500000	0.745503  	
3.000000	47.7099   	3.000000	46.7108   	3.000000	47.7509   	3.000000	47.7509   	3.000000	47.7509   	3.000000	0.278414  	3.000000	0.202035  	3.000000	0.917422  	3.000000	1.08597   	3.000000	0.854117  	
3.500000	58.807    	3.500000	58.0235   	3.500000	59.0024   	3.500000	59.0024   	3.500000	59.0023   	3.500000	0.344894  	3.500000	0.248898  	3.500000	1.04063   	3.500000	1.21654   	3.500000	0.972674  	
4.000000	70.9302   	4.000000	70.3695   	4.000000	71.242    	4.000000	71.242    	4.000000	71.242    	4.000000	0.417972  	4.000000	0.299268  	4.000000	1.17391   	4.000000	1.35701   	4.000000	1.10097   	
4.500000	84.0708   	4.500000	83.7182   	4.500000	84.4589   	4.500000	84.4589   	4.500000	84.4588   	4.500000	0.497599  	4.500000	0.353029  	4.500000	1.31701   	4.500000	1.50694   	4.500000	1.2388    	
5.000000	98.2194   	5.000000	98.047    	5.000000	98.6417   	5.000000	98.6417   	5.000000	98.6416   	5.000000	0.583714  	5.000000	0.410089  	5.000000	1.46972   	5.000000	1.666     	5.000000	1.38601   	
5.500000	113.366   	5.500000	113.338   	5.500000	113.78    	5.500000	113.78    	5.500000	113.779   	5.500000	0.67625   	5.500000	0.470381  	5.500000	1.63184   	5.500000	1.83388   	5.500000	1.54238   	
6.000000	129.502   	6.000000	129.577   	6.000000	129.862   	6.000000	129.862   	6.000000	129.861   	6.000000	0.77514   	6.000000	0.533842  	6.000000	1.80323   	6.000000	2.01037   	6.000000	1.70782   	
6.500000	146.618   	6.500000	146.75    	6.500000	146.878   	6.500000	146.878   	6.500000	146.878   	6.500000	0.880318  	6.500000	0.60041   	6.500000	1.98371   	6.500000	2.19525   	6.500000	1.88217   	
7.000000	164.704   	7.000000	164.846   	7.000000	164.818   	7.000000	164.818   	7.000000	164.818   	7.000000	0.991719  	7.000000	0.670031  	7.000000	2.17319   	7.000000	2.38836   	7.000000	2.06532   	
7.500000	183.752   	7.500000	183.854   	7.500000	183.673   	7.500000	183.673   	7.500000	183.673   	7.500000	1.10928   	7.500000	0.742655  	7.500000	2.37153   	7.500000	2.58952   	7.500000	2.25717   	
8.000000	203.753   	8.000000	203.764   	8.000000	203.435   	8.000000	203.435   	8.000000	203.434   	8.000000	1.23295   	8.000000	0.818236  	8.000000	2.57863   	8.000000	2.79861   	8.000000	2.45761   	
8.500000	224.7     	8.500000	224.568   	8.500000	224.094   	8.500000	224.094   	8.500000	224.093   	8.500000	1.36267   	8.500000	0.89673   	8.500000	2.7944    	8.500000	3.0155    	8.500000	2.66656   	
9.000000	246.584   	9.000000	246.256   	9.000000	245.642   	9.000000	245.642   	9.000000	245.642   	9.000000	1.49838   	9.000000	0.978099  	9.000000	3.01874   	9.000000	3.24006   	9.000000	2.88394   	
9.500000	269.399   	9.500000	268.82    	9.500000	268.073   	9.500000	268.073   	9.500000	268.073   	9.500000	1.64004   	9.500000	1.0623    	9.500000	3.25158   	9.500000	3.4722    	9.500000	3.10967   	
10.000000	293.136   	10.000000	292.249   	10.000000	291.379   	10.000000	291.379   	10.000000	291.379   	10.000000	1.7876    	10.000000	1.14931   	10.000000	3.49283   	10.000000	3.71182   	10.000000	3.34367   	
11.000000	343.351   	11.000000	341.482   	11.000000	340.628   	11.000000	340.607   	11.000000	340.621   	11.000000	2.10085   	11.000000	1.33196   	11.000000	4.00073   	11.000000	4.21354   	11.000000	3.83665   	
12.000000	397.176   	12.000000	394.135   	12.000000	393.389   	12.000000	393.31    	12.000000	393.366   	12.000000	2.43855   	12.000000	1.52628   	12.000000	4.54253   	12.000000	4.74513   	12.000000	4.36302   	
13.000000	454.562   	13.000000	450.183   	13.000000	449.634   	13.000000	449.462   	13.000000	449.588   	13.000000	2.80065   	13.000000	1.7321    	13.000000	5.11807   	13.000000	5.3063    	13.000000	4.92263   	
14.000000	515.461   	14.000000	509.602   	14.000000	509.334   	14.000000	509.04    	14.000000	509.262   	14.000000	3.18707   	14.000000	1.94929   	14.000000	5.72719   	14.000000	5.89676   	14.000000	5.51534   	
15.000000	579.828   	15.000000	572.365   	15.000000	572.467   	15.000000	572.022   	15.000000	572.367   	15.000000	3.59776   	15.000000	2.17787   	15.000000	6.36977   	15.000000	6.51628   	15.000000	6.14105   	
16.000000	647.623   	16.000000	638.446   	16.000000	639.012   	16.000000	638.391   	16.000000	638.882   	16.000000	4.03266   	16.000000	2.41781   	16.000000	7.04568   	16.000000	7.16464   	16.000000	6.79969   	
17.000000	718.804   	17.000000	707.82    	17.000000	708.948   	17.000000	708.128   	17.000000	708.789   	17.000000	4.49174   	17.000000	2.66895   	17.000000	7.75483   	17.000000	7.84167   	17.000000	7.49116   	
18.000000	793.335   	18.000000	780.459   	18.000000	782.256   	18.000000	781.22    	18.000000	782.07    	18.000000	4.97495   	18.000000	2.93119   	18.000000	8.49715   	18.000000	8.54718   	18.000000	8.21542   	
19.000000	871.178   	19.000000	856.339   	19.000000	858.924   	19.000000	857.651   	19.000000	858.711   	19.000000	5.48227   	19.000000	3.20449   	19.000000	9.27253   	19.000000	9.281     	19.000000	8.9724    	
20.000000	952.299   	20.000000	935.433   	20.000000	938.936   	20.000000	937.41    	20.000000	938.696   	20.000000	6.01367   	20.000000	3.48892   	20.000000	10.0809   	20.000000	10.043    	20.000000	9.76206   	
21.000000	1036.66   	21.000000	1017.72   	21.000000	1022.28   	21.000000	1020.48   	21.000000	1022.01   	21.000000	6.56914   	21.000000	3.78451   	21.000000	10.9223   	21.000000	10.8331   	21.000000	10.5844   	
22.000000	1124.24   	22.000000	1103.17   	22.000000	1108.93   	22.000000	1106.86   	22.000000	1108.65   	22.000000	7.14864   	22.000000	4.09119   	22.000000	11.7965   	22.000000	11.6511   	22.000000	11.4393   	
23.000000	1215      	23.000000	1191.76   	23.000000	1198.89   	23.000000	1196.54   	23.000000	1198.59   	23.000000	7.75217   	23.000000	4.40882   	23.000000	12.7036   	23.000000	12.4969   	23.000000	12.3268   	
24.000000	1308.92   	24.000000	1283.47   	24.000000	1292.15   	24.000000	1289.5    	24.000000	1291.82   	24.000000	8.37971   	24.000000	4.73737   	24.000000	13.6435   	24.000000	13.3705   	24.000000	13.247    	
25.000000	1405.95   	25.000000	1378.28   	25.000000	1388.69   	25.000000	1385.74   	25.000000	1388.35   	25.000000	9.03126   	25.000000	5.07684   	25.000000	14.6163   	25.000000	14.2718   	25.000000	14.1997   	
27.000000	1609.29   	27.000000	1577.09   	27.000000	1591.58   	27.000000	1588      	27.000000	1591.2    	27.000000	10.4062   	27.000000	5.78826   	27.000000	16.6599   	27.000000	16.1568   	27.000000	16.2027   	
29.000000	1824.81   	29.000000	1788.03   	29.000000	1807.49   	29.000000	1803.28   	29.000000	1807.07   	29.000000	11.8769   	29.000000	6.54248   	29.000000	18.8341   	29.000000	18.1514   	29.000000	18.3359   	
31.000000	2052.3    	31.000000	2010.91   	31.000000	2036.2    	31.000000	2031.39   	31.000000	2035.75   	31.000000	13.4407   	31.000000	7.33855   	31.000000	21.1372   	31.000000	20.2536   	31.000000	20.5976   	
33.000000	2291.59   	33.000000	2245.59   	33.000000	2276.9    	33.000000	2271.55   	33.000000	2276.42   	33.000000	15.0827   	33.000000	8.16907   	33.000000	23.5594   	33.000000	22.4547   	33.000000	22.9783   	
35.000000	2542.49   	35.000000	2491.91   	35.000000	2529.29   	35.000000	2523.48   	35.000000	2528.79   	35.000000	16.8002   	35.000000	9.03217   	35.000000	26.0973   	35.000000	24.7516   	35.000000	25.4752   	
38.000000	2940.26   	38.000000	2882.89   	38.000000	2929.47   	38.000000	2923.1    	38.000000	2928.92   	38.000000	19.5168   	38.000000	10.3872   	38.000000	30.1177   	38.000000	28.3729   	38.000000	29.435    	
41.000000	3363.27   	41.000000	3299.23   	41.000000	3355.08   	41.000000	3348.35   	41.000000	3354.51   	41.000000	22.3997   	41.000000	11.8144   	41.000000	34.389    	41.000000	32.2005   	41.000000	33.6475   	
44.000000	3811.02   	44.000000	3740.5    	44.000000	3805.66   	44.000000	3798.74   	44.000000	3805.08   	44.000000	25.446    	44.000000	13.3119   	44.000000	38.9058   	44.000000	36.2292   	44.000000	38.1081   	
47.000000	4283.04   	47.000000	4206.24   	47.000000	4280.78   	47.000000	4273.83   	47.000000	4280.19   	47.000000	28.653    	47.000000	14.8793   	47.000000	43.6632   	47.000000	40.4544   	47.000000	42.8123   	
50.000000	4778.9    	50.000000	4696.05   	50.000000	4779.98   	50.000000	4773.19   	50.000000	4779.41   	50.000000	32.0174   	50.000000	16.5141   	50.000000	48.6563   	50.000000	44.8716   	50.000000	47.756    	
55.000000	5657.17   	55.000000	5564.81   	55.000000	5664.48   	55.000000	5658.3    	55.000000	5663.96   	55.000000	37.9667   	55.000000	19.3852   	55.000000	57.4896   	55.000000	52.6498   	55.000000	56.517    	
60.000000	6598.73   	60.000000	6497.56   	60.000000	6613.1    	60.000000	6607.98   	60.000000	6612.63   	60.000000	44.3312   	60.000000	22.4348   	60.000000	66.9453   	60.000000	60.9331   	60.000000	65.9152   	
65.000000	7601.93   	65.000000	7492.66   	65.000000	7624.31   	65.000000	7620.57   	65.000000	7623.81   	65.000000	51.0973   	65.000000	25.6547   	65.000000	77.0047   	65.000000	69.7056   	65.000000	75.9348   	
70.000000	8665.24   	70.000000	8548.56   	70.000000	8696.47   	70.000000	8694.55   	70.000000	8695.97   	70.000000	58.2518   	70.000000	29.0422   	70.000000	87.6504   	70.000000	78.9526   	70.000000	86.5607   	
75.000000	9787.23   	75.000000	9663.79   	75.000000	9828.16   	75.000000	9828.48   	75.000000	9827.68   	75.000000	65.7822   	75.000000	32.5919   	75.000000	98.8658   	75.000000	88.6606   	75.000000	97.7787   	
80.000000	10966.6   	80.000000	10836.9   	80.000000	11018.1   	80.000000	11021     	80.000000	11017.6   	80.000000	73.6761   	80.000000	36.2957   	80.000000	110.635   	80.000000	98.8166   	80.000000	109.576   	
85.000000	12202     	85.000000	12066.7   	85.000000	12264.8   	85.000000	12270.8   	85.000000	12264.4   	85.000000	81.9219   	85.000000	40.1521   	85.000000	122.944   	85.000000	109.409   	85.000000	121.939   	
90.000000	13492.4   	90.000000	13351.8   	90.000000	13567.2   	90.000000	13576.6   	90.000000	13566.8   	90.000000	90.5084   	90.000000	44.157    	90.000000	135.777   	90.000000	120.426   	90.000000	134.856   	
95.000000	14836.6   	95.000000	14691     	95.000000	14924.1   	95.000000	14937.3   	95.000000	14923.7   	95.000000	99.4246   	95.000000	48.3037   	95.000000	149.121   	95.000000	131.857   	95.000000	148.315   	
100.000000	16233.5   	100.000000	16083.1   	100.000000	16334.3   	100.000000	16351.7   	100.000000	16334     	100.000000	108.66    	100.000000	52.5893   	100.000000	162.963   	100.000000	143.692   	100.000000	162.305   	
105.000000	17682.2   	105.000000	17527.1   	105.000000	17796.9   	105.000000	17818.7   	105.000000	17796.5   	105.000000	118.205   	105.000000	57.0099   	105.000000	177.289   	105.000000	155.921   	105.000000	176.816   	
110.000000	19181.7   	110.000000	19021.8   	110.000000	19310.7   	110.000000	19337.3   	110.000000	19310.2   	110.000000	128.049   	110.000000	61.5626   	110.000000	192.089   	110.000000	168.535   	110.000000	191.836   	
115.000000	20731     	115.000000	20566.2   	115.000000	20874.5   	115.000000	20906.4   	115.000000	20874.2   	115.000000	138.184   	115.000000	66.2428   	115.000000	207.349   	115.000000	181.525   	115.000000	207.356   	
120.000000	22329.3   	120.000000	22159.3   	120.000000	22487.6   	120.000000	22525.1   	120.000000	22487.3   	120.000000	148.6     	120.000000	71.0447   	120.000000	223.059   	120.000000	194.881   	120.000000	223.366   	
125.000000	23975.8   	125.000000	23800.1   	125.000000	24149     	125.000000	24192.5   	125.000000	24148.7   	125.000000	159.288   	125.000000	75.969    	125.000000	239.207   	125.000000	208.596   	125.000000	239.856   	
130.000000	25669.6   	130.000000	25487.7   	130.000000	25857.7   	130.000000	25907.6   	130.000000	25857.5   	130.000000	170.24    	130.000000	81.0099   	130.000000	255.782   	130.000000	222.663   	130.000000	256.817   	
135.000000	27410     	135.000000	27221.2   	135.000000	27613     	135.000000	27669.5   	135.000000	27612.8   	135.000000	181.448   	135.000000	86.1655   	135.000000	272.775   	135.000000	237.072   	135.000000	274.241   	
140.000000	29196.2   	140.000000	28999.8   	140.000000	29414     	140.000000	29477.3   	140.000000	29413.7   	140.000000	192.904   	140.000000	91.4354   	140.000000	290.175   	140.000000	251.817   	140.000000	292.118   	
145.000000	31027.6   	145.000000	30822.4   	145.000000	31259.7   	145.000000	31330.3   	145.000000	31259.4   	145.000000	204.6     	145.000000	96.8134   	145.000000	307.973   	145.000000	266.891   	145.000000	310.44    	
150.000000	32903.3   	150.000000	32688.5   	150.000000	33149.4   	150.000000	33227.6   	150.000000	33149.1   	150.000000	216.529   	150.000000	102.296   	150.000000	326.158   	150.000000	282.286   	150.000000	329.199   	
155.000000	34849.2   	155.000000	34597     	155.000000	35082.4   	155.000000	35168.5   	155.000000	35082     	155.000000	228.683   	155.000000	107.883   	155.000000	344.722   	155.000000	297.996   	155.000000	348.387   	
160.000000	36837.4   	160.000000	36547.4   	160.000000	37057.8   	160.000000	37152.1   	160.000000	37057.4   	160.000000	241.056   	160.000000	113.57    	160.000000	363.655   	160.000000	314.014   	160.000000	367.996   	
165.000000	38866.1   	165.000000	38538.7   	165.000000	39074.9   	165.000000	39177.7   	165.000000	39074.4   	165.000000	253.642   	165.000000	119.356   	165.000000	382.95    	165.000000	330.334   	165.000000	388.018   	
170.000000	40934.6   	170.000000	40570.3   	170.000000	41132.9   	170.000000	41244.6   	170.000000	41132.4   	170.000000	266.433   	170.000000	125.239   	170.000000	402.597   	170.000000	346.95    	170.000000	408.447   	
175.000000	43042.3   	175.000000	42641.5   	175.000000	43231.2   	175.000000	43352.1   	175.000000	43230.7   	175.000000	279.423   	175.000000	131.216   	175.000000	422.588   	175.000000	363.856   	175.000000	429.273   	
180.000000	45188.4   	180.000000	44751.6   	180.000000	45369.1   	180.000000	45499.5   	180.000000	45368.5   	180.000000	292.605   	180.000000	137.286   	180.000000	442.915   	180.000000	381.045   	180.000000	450.492   	
185.000000	47372.4   	185.000000	46899.9   	185.000000	47545.9   	185.000000	47686     	185.000000	47545.3   	185.000000	305.975   	185.000000	143.447   	185.000000	463.571   	185.000000	398.513   	185.000000	472.096   	
190.000000	49593.7   	190.000000	49085.7   	190.000000	49760.9   	190.000000	49911.1   	190.000000	49760.2   	190.000000	319.527   	190.000000	149.694   	190.000000	484.547   	190.000000	416.253   	190.000000	494.077   	
195.000000	51851.5   	195.000000	51308.4   	195.000000	52013.6   	195.000000	52174.2   	195.000000	52012.8   	195.000000	333.253   	195.000000	156.024   	195.000000	505.837   	195.000000	434.261   	195.000000	516.429   	
200.000000	54145.3   	200.000000	53567.4   	200.000000	54303.2   	200.000000	54474.5   	200.000000	54302.4   	200.000000	347.151   	200.000000	162.439   	200.000000	527.433   	200.000000	452.531   	200.000000	539.147   	
210.000000	58838.6   	210.000000	58191.8   	210.000000	58990.9   	210.000000	59184.5   	210.000000	58990.1   	210.000000	375.434   	210.000000	175.514   	210.000000	571.514   	210.000000	489.837   	210.000000	585.65    	
220.000000	63669.2   	220.000000	62954.3   	220.000000	63819.4   	220.000000	64036.5   	220.000000	63818.7   	220.000000	404.337   	220.000000	188.902   	220.000000	616.737   	220.000000	528.131   	220.000000	633.538   	
230.000000	68632.9   	230.000000	67850.3   	230.000000	68784.1   	230.000000	69025.9   	230.000000	68783.5   	230.000000	433.82    	230.000000	202.596   	230.000000	663.051   	230.000000	567.376   	230.000000	682.764   	
240.000000	73725.5   	240.000000	72875.6   	240.000000	73880.8   	240.000000	74148.4   	240.000000	73880.3   	240.000000	463.849   	240.000000	216.573   	240.000000	710.404   	240.000000	607.537   	240.000000	733.282   	
250.000000	78943.3   	250.000000	78026.2   	250.000000	79105.3   	250.000000	79399.8   	250.000000	79105     	250.000000	494.387   	250.000000	230.823   	250.000000	758.752   	250.000000	648.579   	250.000000	785.049   	
260.000000	84282.7   	260.000000	83298.1   	260.000000	84453.6   	260.000000	84776.2   	260.000000	84453.6   	260.000000	525.404   	260.000000	245.337   	260.000000	808.048   	260.000000	690.469   	260.000000	838.023   	
270.000000	89740     	270.000000	88687.7   	270.000000	89922.6   	270.000000	90273.7   	270.000000	89922.4   	270.000000	556.869   	270.000000	260.104   	270.000000	858.251   	270.000000	733.176   	270.000000	892.164   	
280.000000	95312     	280.000000	94191.4   	280.000000	95508.1   	280.000000	95888.7   	280.000000	95507.7   	280.000000	588.752   	280.000000	275.117   	280.000000	909.318   	280.000000	776.671   	280.000000	947.432   	
290.000000	100995    	290.000000	99805.7   	290.000000	101207    	290.000000	101618    	290.000000	101206    	290.000000	621.027   	290.000000	290.365   	290.000000	961.212   	290.000000	820.924   	290.000000	1003.79   	
300.000000	106787    	300.000000	105527    	300.000000	107015    	300.000000	107457    	300.000000	107014    	300.000000	653.667   	300.000000	305.841   	300.000000	1013.89   	300.000000	865.908   	300.000000	1061.21   	
310.000000	112685    	310.000000	111353    	310.000000	112929    	310.000000	113404    	310.000000	112928    	310.000000	686.648   	310.000000	321.539   	310.000000	1067.33   	310.000000	911.596   	310.000000	1119.64   	
320.000000	118684    	320.000000	117281    	320.000000	118946    	320.000000	119455    	320.000000	118946    	320.000000	719.947   	320.000000	337.438   	320.000000	1121.49   	320.000000	957.965   	320.000000	1179.06   	
330.000000	124784    	330.000000	123306    	330.000000	125064    	330.000000	125607    	330.000000	125063    	330.000000	753.541   	330.000000	353.533   	330.000000	1176.33   	330.000000	1004.99   	330.000000	1239.44   	
340.000000	130981    	340.000000	129428    	340.000000	131279    	340.000000	131858    	340.000000	131279    	340.000000	787.41    	340.000000	369.828   	340.000000	1231.83   	340.000000	1052.64   	340.000000	1300.74   	
350.000000	137272    	350.000000	135642    	350.000000	137589    	350.000000	138203    	350.000000	137589    	350.000000	821.534   	350.000000	386.309   	350.000000	1287.95   	350.000000	1100.9    	350.000000	1362.93   	
360.000000	143656    	360.000000	141946    	360.000000	143990    	360.000000	144642    	360.000000	143990    	360.000000	855.894   	360.000000	402.962   	360.000000	1344.67   	360.000000	1149.75   	360.000000	1425.99   	
370.000000	150130    	370.000000	148338    	370.000000	150481    	370.000000	151171    	370.000000	150482    	370.000000	890.472   	370.000000	419.784   	370.000000	1401.96   	370.000000	1199.17   	370.000000	1489.89   	
380.000000	156691    	380.000000	154816    	380.000000	157060    	380.000000	157787    	380.000000	157060    	380.000000	925.252   	380.000000	436.769   	380.000000	1459.79   	380.000000	1249.13   	380.000000	1554.59   	
390.000000	163337    	390.000000	161377    	390.000000	163722    	390.000000	164489    	390.000000	163722    	390.000000	960.217   	390.000000	453.91    	390.000000	1518.14   	390.000000	1299.62   	390.000000	1620.08   	
400.000000	170067    	400.000000	168018    	400.000000	170467    	400.000000	171273    	400.000000	170467    	400.000000	995.352   	400.000000	471.212   	400.000000	1576.98   	400.000000	1350.62   	400.000000	1686.33   	
410.000000	176878    	410.000000	174739    	410.000000	177292    	410.000000	178138    	410.000000	177291    	410.000000	1030.64   	410.000000	488.676   	410.000000	1636.3    	410.000000	1402.11   	410.000000	1753.31   	
420.000000	183768    	420.000000	181536    	420.000000	184194    	420.000000	185082    	420.000000	184193    	420.000000	1066.07   	420.000000	506.285   	420.000000	1696.06   	420.000000	1454.07   	420.000000	1821      	
430.000000	190735    	430.000000	188407    	430.000000	191171    	430.000000	192102    	430.000000	191171    	430.000000	1101.64   	430.000000	524.022   	430.000000	1756.25   	430.000000	1506.49   	430.000000	1889.38   	
440.000000	197778    	440.000000	195351    	440.000000	198222    	440.000000	199196    	440.000000	198223    	440.000000	1137.31   	440.000000	541.884   	440.000000	1816.85   	440.000000	1559.34   	440.000000	1958.43   	
450.000000	204894    	450.000000	202366    	450.000000	205345    	450.000000	206362    	450.000000	205346    	450.000000	1173.1    	450.000000	559.879   	450.000000	1877.83   	450.000000	1612.62   	450.000000	2028.11   	
460.000000	212082    	460.000000	209450    	460.000000	212537    	460.000000	213598    	460.000000	212538    	460.000000	1208.97   	460.000000	578.004   	460.000000	1939.18   	460.000000	1666.31   	460.000000	2098.43   	
470.000000	219341    	470.000000	216601    	470.000000	219798    	470.000000	220903    	470.000000	219799    	470.000000	1244.93   	470.000000	596.253   	470.000000	2000.88   	470.000000	1720.39   	470.000000	2169.34   	
480.000000	226667    	480.000000	223818    	480.000000	227125    	480.000000	228275    	480.000000	227126    	480.000000	1280.97   	480.000000	614.623   	480.000000	2062.91   	480.000000	1774.86   	480.000000	2240.84   	
490.000000	234060    	490.000000	231098    	490.000000	234516    	490.000000	235712    	490.000000	234517    	490.000000	1317.06   	490.000000	633.113   	490.000000	2125.26   	490.000000	1829.69   	490.000000	2312.9    	
500.000000	241519    	500.000000	238441    	500.000000	241970    	500.000000	243212    	500.000000	241970    	500.000000	1353.21   	500.000000	651.718   	500.000000	2187.91   	500.000000	1884.87   	500.000000	2385.51   	
520.000000	256626    	520.000000	253307    	520.000000	257059    	520.000000	258395    	520.000000	257059    	520.000000	1425.64   	520.000000	689.238   	520.000000	2314.05   	520.000000	1996.25   	520.000000	2532.3    	
540.000000	271975    	540.000000	268403    	540.000000	272380    	540.000000	273813    	540.000000	272381    	540.000000	1498.19   	540.000000	727.147   	540.000000	2441.21   	540.000000	2108.9    	540.000000	2681.07   	
560.000000	287557    	560.000000	283720    	560.000000	287922    	560.000000	289452    	560.000000	287922    	560.000000	1570.81   	560.000000	765.456   	560.000000	2569.28   	560.000000	2222.72   	560.000000	2831.69   	
580.000000	303360    	580.000000	299245    	580.000000	303672    	580.000000	305304    	580.000000	303673    	580.000000	1643.43   	580.000000	804.131   	580.000000	2698.16   	580.000000	2337.64   	580.000000	2984.05   	
600.000000	319375    	600.000000	314969    	600.000000	319622    	600.000000	321356    	600.000000	319624    	600.000000	1716.01   	600.000000	843.128   	600.000000	2827.77   	600.000000	2453.56   	600.000000	3138.03   	
620.000000	335592    	620.000000	330883    	620.000000	335762    	620.000000	337600    	620.000000	335763    	620.000000	1788.52   	620.000000	882.434   	620.000000	2958.01   	620.000000	2570.43   	620.000000	3293.53   	
640.000000	352003    	640.000000	346978    	640.000000	352083    	640.000000	354026    	640.000000	352084    	640.000000	1860.92   	640.000000	922.059   	640.000000	3088.82   	640.000000	2688.16   	640.000000	3450.44   	
660.000000	368597    	660.000000	363245    	660.000000	368575    	660.000000	370625    	660.000000	368576    	660.000000	1933.16   	660.000000	962.003   	660.000000	3220.1    	660.000000	2806.69   	660.000000	3608.68   	
680.000000	385368    	680.000000	379676    	680.000000	385231    	680.000000	387389    	680.000000	385232    	680.000000	2005.22   	680.000000	1002.23   	680.000000	3351.81   	680.000000	2925.97   	680.000000	3768.15   	
700.000000	402307    	700.000000	396264    	700.000000	402043    	700.000000	404311    	700.000000	402044    	700.000000	2077.07   	700.000000	1042.72   	700.000000	3483.87   	700.000000	3045.92   	700.000000	3928.77   	
720.000000	419408    	720.000000	413002    	720.000000	419003    	720.000000	421383    	720.000000	419004    	720.000000	2148.7    	720.000000	1083.46   	720.000000	3616.22   	720.000000	3166.51   	720.000000	4090.46   	
740.000000	436662    	740.000000	429882    	740.000000	436104    	740.000000	438598    	740.000000	436106    	740.000000	2220.06   	740.000000	1124.43   	740.000000	3748.82   	740.000000	3287.67   	740.000000	4253.15   	
760.000000	454064    	760.000000	446899    	760.000000	453341    	760.000000	455950    	760.000000	453344    	760.000000	2291.16   	760.000000	1165.64   	760.000000	3881.6    	760.000000	3409.36   	760.000000	4416.77   	
780.000000	471606    	780.000000	464046    	780.000000	470709    	780.000000	473432    	780.000000	470711    	780.000000	2361.96   	780.000000	1207.06   	780.000000	4014.53   	780.000000	3531.53   	780.000000	4581.24   	
800.000000	489282    	800.000000	481317    	800.000000	488200    	800.000000	491038    	800.000000	488202    	800.000000	2432.45   	800.000000	1248.68   	800.000000	4147.57   	800.000000	3654.14   	800.000000	4746.52   	
820.000000	507087    	820.000000	498706    	820.000000	505808    	820.000000	508763    	820.000000	505810    	820.000000	2502.63   	820.000000	1290.49   	820.000000	4280.67   	820.000000	3777.14   	820.000000	4912.53   	
840.000000	525015    	840.000000	516209    	840.000000	523527    	840.000000	526600    	840.000000	523528    	840.000000	2572.44   	840.000000	1332.46   	840.000000	4413.77   	840.000000	3900.5    	840.000000	5079.2    	
860.000000	543060    	860.000000	533819    	860.000000	541350    	860.000000	544542    	860.000000	541351    	860.000000	2641.88   	860.000000	1374.6    	860.000000	4546.83   	860.000000	4024.15   	860.000000	5246.46   	
880.000000	561217    	880.000000	551533    	880.000000	559272    	880.000000	562585    	880.000000	559273    	880.000000	2710.93   	880.000000	1416.91   	880.000000	4679.82   	880.000000	4148.06   	880.000000	5414.26   	
900.000000	579481    	900.000000	569346    	900.000000	577290    	900.000000	580723    	900.000000	577291    	900.000000	2779.58   	900.000000	1459.38   	900.000000	4812.72   	900.000000	4272.22   	900.000000	5582.56   	
920.000000	597847    	920.000000	587252    	920.000000	595398    	920.000000	598954    	920.000000	595400    	920.000000	2847.84   	920.000000	1501.99   	920.000000	4945.49   	920.000000	4396.57   	920.000000	5751.32   	
940.000000	616310    	940.000000	605249    	940.000000	613593    	940.000000	617272    	940.000000	613595    	940.000000	2915.7    	940.000000	1544.73   	940.000000	5078.1    	940.000000	4521.11   	940.000000	5920.48   	
960.000000	634866    	960.000000	623331    	960.000000	631871    	960.000000	635674    	960.000000	631874    	960.000000	2983.15   	960.000000	1587.6    	960.000000	5210.55   	960.000000	4645.79   	960.000000	6090.01   	
980.000000	653511    	980.000000	641495    	980.000000	650228    	980.000000	654156    	980.000000	650232    	980.000000	3050.2    	980.000000	1630.6    	980.000000	5342.8    	980.000000	4770.6    	980.000000	6259.87   	
1000.000000	672240    	1000.000000	659738    	1000.000000	668663    	1000.000000	672715    	1000.000000	668667    	1000.000000	3116.84   	1000.000000	1673.74   	1000.000000	5474.83   	1000.000000	4895.51   	1000.000000	6430.03   	
1020.000000	691050    	1020.000000	678055    	1020.000000	687170    	1020.000000	691347    	1020.000000	687174    	1020.000000	3183.06   	1020.000000	1717.03   	1020.000000	5606.63   	1020.000000	5020.5    	1020.000000	6600.45   	
1040.000000	709936    	1040.000000	696443    	1040.000000	705747    	1040.000000	710049    	1040.000000	705751    	1040.000000	3248.87   	1040.000000	1760.45   	1040.000000	5738.19   	1040.000000	5145.55   	1040.000000	6771.09   	
1060.000000	728895    	1060.000000	714899    	1060.000000	724392    	1060.000000	728819    	1060.000000	724394    	1060.000000	3314.27   	1060.000000	1803.98   	1060.000000	5869.47   	1060.000000	5270.63   	1060.000000	6941.94   	
1080.000000	747924    	1080.000000	733420    	1080.000000	743099    	1080.000000	747653    	1080.000000	743101    	1080.000000	3379.26   	1080.000000	1847.62   	1080.000000	6000.48   	1080.000000	5395.74   	1080.000000	7112.96   	
1100.000000	767018    	1100.000000	752002    	1100.000000	761867    	1100.000000	766548    	1100.000000	761869    	1100.000000	3443.84   	1100.000000	1891.37   	1100.000000	6131.19   	1100.000000	5520.85   	1100.000000	7284.12   	
1120.000000	786175    	1120.000000	770644    	1120.000000	780694    	1120.000000	785502    	1120.000000	780695    	1120.000000	3508      	1120.000000	1935.23   	1120.000000	6261.6    	1120.000000	5645.94   	1120.000000	7455.39   	
1140.000000	805392    	1140.000000	789341    	1140.000000	799576    	1140.000000	804512    	1140.000000	799577    	1140.000000	3571.76   	1140.000000	1979.2    	1140.000000	6391.69   	1140.000000	5771      	1140.000000	7626.76   	
1160.000000	824665    	1160.000000	808092    	1160.000000	818512    	1160.000000	823577    	1160.000000	818513    	1160.000000	3635.1    	1160.000000	2023.29   	1160.000000	6521.45   	1160.000000	5896.02   	1160.000000	7798.19   	
1180.000000	843991    	1180.000000	826893    	1180.000000	837498    	1180.000000	842693    	1180.000000	837500    	1180.000000	3698.04   	1180.000000	2067.5    	1180.000000	6650.87   	1180.000000	6020.97   	1180.000000	7969.67   	
1200.000000	863367    	1200.000000	845743    	1200.000000	856534    	1200.000000	861858    	1200.000000	856535    	1200.000000	3760.57   	1200.000000	2111.82   	1200.000000	6779.95   	1200.000000	6145.85   	1200.000000	8141.17   	
1220.000000	882792    	1220.000000	864639    	1220.000000	875616    	1220.000000	881070    	1220.000000	875618    	1220.000000	3822.7    	1220.000000	2156.25   	1220.000000	6908.68   	1220.000000	6270.65   	1220.000000	8312.68   	
1240.000000	902261    	1240.000000	883578    	1240.000000	894743    	1240.000000	900328    	1240.000000	894745    	1240.000000	3884.43   	1240.000000	2200.78   	1240.000000	7037.04   	1240.000000	6395.35   	1240.000000	8484.17   	
1260.000000	921773    	1260.000000	902559    	1260.000000	913912    	1260.000000	919629    	1260.000000	913916    	1260.000000	3945.76   	1260.000000	2245.41   	1260.000000	7165.04   	1260.000000	6519.93   	1260.000000	8655.63   	
1280.000000	941324    	1280.000000	921579    	1280.000000	933123    	1280.000000	938971    	1280.000000	933127    	1280.000000	4006.69   	1280.000000	2290.12   	1280.000000	7292.66   	1280.000000	6644.4    	1280.000000	8827.04   	
1300.000000	960914    	1300.000000	940636    	1300.000000	952373    	1300.000000	958353    	1300.000000	952378    	1300.000000	4067.22   	1300.000000	2334.93   	1300.000000	7419.9    	1300.000000	6768.73   	1300.000000	8998.38   	
1320.000000	980538    	1320.000000	959728    	1320.000000	971660    	1320.000000	977773    	1320.000000	971666    	1320.000000	4127.37   	1320.000000	2379.82   	1320.000000	7546.76   	1320.000000	6892.93   	1320.000000	9169.65   	
1340.000000	1.0002e+06	1340.000000	978854    	1340.000000	990984    	1340.000000	997229    	1340.000000	990991    	1340.000000	4187.13   	1340.000000	2424.8    	1340.000000	7673.23   	1340.000000	7016.98   	1340.000000	9340.81   	
1360.000000	1.01988e+06	1360.000000	998011    	1360.000000	1.01034e+06	1360.000000	1.01672e+06	1360.000000	1.01035e+06	1360.000000	4246.5    	1360.000000	2469.86   	1360.000000	7799.3    	1360.000000	7140.87   	1360.000000	9511.86   	
1380.000000	1.0396e+06	1380.000000	1.0172e+06	1380.000000	1.02973e+06	1380.000000	1.03624e+06	1380.000000	1.02974e+06	1380.000000	4305.49   	1380.000000	2515.01   	1380.000000	7924.98   	1380.000000	7264.59   	1380.000000	9682.79   	
1400.000000	1.05934e+06	1400.000000	1.03641e+06	1400.000000	1.04916e+06	1400.000000	1.0558e+06	1400.000000	1.04916e+06	1400.000000	4364.1    	1400.000000	2560.24   	1400.000000	8050.26   	1400.000000	7388.14   	1400.000000	9853.58   	
1420.000000	1.07911e+06	1420.000000	1.05565e+06	1420.000000	1.06861e+06	1420.000000	1.07539e+06	1420.000000	1.06862e+06	1420.000000	4422.34   	1420.000000	2605.56   	1420.000000	8175.13   	1420.000000	7511.51   	1420.000000	10024.2   	
1440.000000	1.0989e+06	1440.000000	1.07492e+06	1440.000000	1.08809e+06	1440.000000	1.095e+06 	1440.000000	1.0881e+06	1440.000000	4480.2    	1440.000000	2650.97   	1440.000000	8299.6    	1440.000000	7634.69   	1440.000000	10194.7   	
1460.000000	1.11871e+06	1460.000000	1.09421e+06	1460.000000	1.10761e+06	1460.000000	1.11464e+06	1460.000000	1.10761e+06	1460.000000	4537.7    	1460.000000	2696.45   	1460.000000	8423.66   	1460.000000	7757.68   	1460.000000	10365     	
1480.000000	1.13854e+06	1480.000000	1.11352e+06	1480.000000	1.12714e+06	1480.000000	1.13431e+06	1480.000000	1.12715e+06	1480.000000	4594.83   	1480.000000	2742.02   	1480.000000	8547.31   	1480.000000	7880.47   	1480.000000	10535.1   	
1500.000000	1.15839e+06	1500.000000	1.13285e+06	1500.000000	1.14671e+06	1500.000000	1.15401e+06	1500.000000	1.14671e+06	1500.000000	4651.6    	1500.000000	2787.67   	1500.000000	8670.55   	1500.000000	8003.05   	1500.000000	10705.1   	
1520.000000	1.17826e+06	1520.000000	1.1522e+06	1520.000000	1.16629e+06	1520.000000	1.17373e+06	1520.000000	1.1663e+06	1520.000000	4708.01   	1520.000000	2833.4    	1520.000000	8793.38   	1520.000000	8125.43   	1520.000000	10874.8   	
1540.000000	1.19813e+06	1540.000000	1.17157e+06	1540.000000	1.1859e+06	1540.000000	1.19347e+06	1540.000000	1.1859e+06	1540.000000	4764.06   	1540.000000	2879.2    	1540.000000	8915.8    	1540.000000	8247.58   	1540.000000	11044.3   	
1560.000000	1.21802e+06	1560.000000	1.19096e+06	1560.000000	1.20553e+06	1560.000000	1.21323e+06	1560.000000	1.20553e+06	1560.000000	4819.76   	1560.000000	2925.08   	1560.000000	9037.79   	1560.000000	8369.52   	1560.000000	11213.7   	
1580.000000	1.23792e+06	1580.000000	1.21036e+06	1580.000000	1.22518e+06	1580.000000	1.23302e+06	1580.000000	1.22519e+06	1580.000000	4875.12   	1580.000000	2971.05   	1580.000000	9159.38   	1580.000000	8491.23   	1580.000000	11382.8   	
1600.000000	1.25784e+06	1600.000000	1.22977e+06	1600.000000	1.24486e+06	1600.000000	1.25283e+06	1600.000000	1.24486e+06	1600.000000	4930.13   	1600.000000	3017.08   	1600.000000	9280.55   	1600.000000	8612.72   	1600.000000	11551.6   	
1620.000000	1.27775e+06	1620.000000	1.2492e+06	1620.000000	1.26455e+06	1620.000000	1.27265e+06	1620.000000	1.26455e+06	1620.000000	4984.8    	1620.000000	3063.2    	1620.000000	9401.3    	1620.000000	8733.97   	1620.000000	11720.2   	
1640.000000	1.29768e+06	1640.000000	1.26863e+06	1640.000000	1.28426e+06	1640.000000	1.29249e+06	1640.000000	1.28426e+06	1640.000000	5039.13   	1640.000000	3109.39   	1640.000000	9521.64   	1640.000000	8854.98   	1640.000000	11888.6   	
1660.000000	1.31761e+06	1660.000000	1.28808e+06	1660.000000	1.30398e+06	1660.000000	1.31235e+06	1660.000000	1.30398e+06	1660.000000	5093.13   	1660.000000	3155.67   	1660.000000	9641.56   	1660.000000	8975.76   	1660.000000	12056.7   	
1680.000000	1.33754e+06	1680.000000	1.30754e+06	1680.000000	1.32372e+06	1680.000000	1.33223e+06	1680.000000	1.32373e+06	1680.000000	5146.79   	1680.000000	3202.01   	1680.000000	9761.07   	1680.000000	9096.29   	1680.000000	12224.6   	
1700.000000	1.35748e+06	1700.000000	1.32701e+06	1700.000000	1.34348e+06	1700.000000	1.35213e+06	1700.000000	1.34349e+06	1700.000000	5200.13   	1700.000000	3248.44   	1700.000000	9880.16   	1700.000000	9216.57   	1700.000000	12392.2   	
1750.000000	1.40733e+06	1750.000000	1.3757e+06	1750.000000	1.39294e+06	1750.000000	1.40192e+06	1750.000000	1.39295e+06	1750.000000	5332.07   	1750.000000	3364.81   	1750.000000	10176.1   	1750.000000	9516.19   	1750.000000	12810     	
1800.000000	1.45717e+06	1800.000000	1.42443e+06	1800.000000	1.44248e+06	1800.000000	1.4518e+06	1800.000000	1.44249e+06	1800.000000	5462.04   	1800.000000	3481.63   	1800.000000	10469.4   	1800.000000	9814.22   	1800.000000	13226     	
1850.000000	1.50698e+06	1850.000000	1.47318e+06	1850.000000	1.4921e+06	1850.000000	1.50175e+06	1850.000000	1.4921e+06	1850.000000	5590.09   	1850.000000	3598.87   	1850.000000	10760.2   	1850.000000	10110.6   	1850.000000	13640.2   	
1900.000000	1.55676e+06	1900.000000	1.52193e+06	1900.000000	1.54177e+06	1900.000000	1.55177e+06	1900.000000	1.54178e+06	1900.000000	5716.28   	1900.000000	3716.5    	1900.000000	11048.5   	1900.000000	10405.4   	1900.000000	14052.6   	
1950.000000	1.60648e+06	1950.000000	1.57068e+06	1950.000000	1.59151e+06	1950.000000	1.60184e+06	1950.000000	1.59151e+06	1950.000000	5840.65   	1950.000000	3834.51   	1950.000000	11334.2   	1950.000000	10698.4   	1950.000000	14463     	
2000.000000	1.65613e+06	2000.000000	1.61942e+06	2000.000000	1.64128e+06	2000.000000	1.65195e+06	2000.000000	1.64129e+06	2000.000000	5963.26   	2000.000000	3952.92   	2000.000000	11617.5   	2000.000000	10989.8   	2000.000000	14871.5   	
2100.000000	1.75518e+06	2100.000000	1.7168e+06	2100.000000	1.74095e+06	2100.000000	1.7523e+06	2100.000000	1.74096e+06	2100.000000	6203.36   	2100.000000	4190.9    	2100.000000	12176.6   	2100.000000	11567.5   	2100.000000	15682.4   	
2200.000000	1.85383e+06	2200.000000	1.81402e+06	2200.000000	1.84073e+06	2200.000000	1.85275e+06	2200.000000	1.84074e+06	2200.000000	6436.96   	2200.000000	4430.52   	2200.000000	12726.2   	2200.000000	12138.3   	2200.000000	16485.1   	
2300.000000	1.95199e+06	2300.000000	1.911e+06 	2300.000000	1.94058e+06	2300.000000	1.95327e+06	2300.000000	1.94059e+06	2300.000000	6664.39   	2300.000000	4671.78   	2300.000000	13266.4   	2300.000000	12702.3   	2300.000000	17279.6   	
2400.000000	2.0496e+06	2400.000000	2.00771e+06	2400.000000	2.04046e+06	2400.000000	2.05382e+06	2400.000000	2.04047e+06	2400.000000	6885.98   	2400.000000	4914.68   	2400.000000	13797.6   	2400.000000	13259.4   	2400.000000	18065.6   	
2500.000000	2.14662e+06	2500.000000	2.10409e+06	2500.000000	2.14034e+06	2500.000000	2.15437e+06	2500.000000	2.14035e+06	2500.000000	7102.04   	2500.000000	5159.18   	2500.000000	14320     	2500.000000	13809.7   	2500.000000	18843.2   	
2600.000000	2.24298e+06	2600.000000	2.20011e+06	2600.000000	2.2402e+06	2600.000000	2.25489e+06	2600.000000	2.24021e+06	2600.000000	7312.86   	2600.000000	5405.24   	2600.000000	14833.9   	2600.000000	14353.2   	2600.000000	19612.5   	
2700.000000	2.33866e+06	2700.000000	2.29573e+06	2700.000000	2.34001e+06	2700.000000	2.35537e+06	2700.000000	2.34002e+06	2700.000000	7518.68   	2700.000000	5652.81   	2700.000000	15339.5   	2700.000000	14890.2   	2700.000000	20373.4   	
2800.000000	2.43361e+06	2800.000000	2.39094e+06	2800.000000	2.43976e+06	2800.000000	2.45578e+06	2800.000000	2.43977e+06	2800.000000	7719.77   	2800.000000	5901.89   	2800.000000	15837.1   	2800.000000	15420.6   	2800.000000	21126.1   	
2900.000000	2.52782e+06	2900.000000	2.4857e+06	2900.000000	2.53944e+06	2900.000000	2.55611e+06	2900.000000	2.53944e+06	2900.000000	7916.36   	2900.000000	6152.46   	2900.000000	16327     	2900.000000	15944.5   	2900.000000	21870.6   	
3000.000000	2.62125e+06	3000.000000	2.57999e+06	3000.000000	2.63902e+06	3000.000000	2.65635e+06	3000.000000	2.63903e+06	3000.000000	8108.66   	3000.000000	6404.48   	3000.000000	16809.4   	3000.000000	16462.2   	3000.000000	22607.1   	
3200.000000	2.80571e+06	3200.000000	2.76712e+06	3200.000000	2.83786e+06	3200.000000	2.85651e+06	3200.000000	2.83788e+06	3200.000000	8481.2    	3200.000000	6912.88   	3200.000000	17752.7   	3200.000000	17479     	3200.000000	24056.3   	
3400.000000	2.98689e+06	3400.000000	2.95221e+06	3400.000000	3.03624e+06	3400.000000	3.05618e+06	3400.000000	3.03625e+06	3400.000000	8838.86   	3400.000000	7426.99   	3400.000000	18668.9   	3400.000000	18472.1   	3400.000000	25474.7   	
3600.000000	3.16472e+06	3600.000000	3.1352e+06	3600.000000	3.23409e+06	3600.000000	3.25533e+06	3600.000000	3.23411e+06	3600.000000	9182.94   	3600.000000	7946.72   	3600.000000	19559.7   	3600.000000	19442.5   	3600.000000	26863.5   	
3800.000000	3.33916e+06	3800.000000	3.31604e+06	3800.000000	3.43139e+06	3800.000000	3.45391e+06	3800.000000	3.43141e+06	3800.000000	9514.56   	3800.000000	8472.01   	3800.000000	20426.7   	3800.000000	20391     	3800.000000	28223.8   	
4000.000000	3.5102e+06	4000.000000	3.4947e+06	4000.000000	3.62812e+06	4000.000000	3.65191e+06	4000.000000	3.62815e+06	4000.000000	9834.73   	4000.000000	9002.78   	4000.000000	21271.2   	4000.000000	21318.8   	4000.000000	29556.7   	
4200.000000	3.67785e+06	4200.000000	3.67117e+06	4200.000000	3.82426e+06	4200.000000	3.84931e+06	4200.000000	3.82429e+06	4200.000000	10144.3   	4200.000000	9538.96   	4200.000000	22094.7   	4200.000000	22226.6   	4200.000000	30863.3   	
4400.000000	3.84215e+06	4400.000000	3.84544e+06	4400.000000	4.01981e+06	4400.000000	4.04612e+06	4400.000000	4.01985e+06	4400.000000	10444.2   	4400.000000	10080.5   	4400.000000	22898.3   	4400.000000	23115.6   	4400.000000	32144.7   	
4600.000000	4.00313e+06	4600.000000	4.01754e+06	4600.000000	4.21478e+06	4600.000000	4.24232e+06	4600.000000	4.21481e+06	4600.000000	10735     	4600.000000	10627.4   	4600.000000	23683.2   	4600.000000	23986.3   	4600.000000	33401.9   	
4800.000000	4.16085e+06	4800.000000	4.18746e+06	4800.000000	4.40915e+06	4800.000000	4.43792e+06	4800.000000	4.40919e+06	4800.000000	11017.4   	4800.000000	11179.4   	4800.000000	24450.4   	4800.000000	24839.8   	4800.000000	34636     	
5000.000000	4.31535e+06	5000.000000	4.35525e+06	5000.000000	4.60294e+06	5000.000000	4.63293e+06	5000.000000	4.60298e+06	5000.000000	11291.9   	5000.000000	11736.7   	5000.000000	25200.8   	5000.000000	25676.6   	5000.000000	35847.8   	
5250.000000	4.50406e+06	5250.000000	4.56201e+06	5250.000000	4.84436e+06	5250.000000	4.87587e+06	5250.000000	4.8444e+06	5250.000000	11624.7   	5250.000000	12440.6   	5250.000000	26116.6   	5250.000000	26700.5   	5250.000000	37332.6   	
5500.000000	4.68798e+06	5500.000000	4.76552e+06	5500.000000	5.08489e+06	5500.000000	5.11791e+06	5500.000000	5.08494e+06	5500.000000	11947     	5500.000000	13152.3   	5500.000000	27009.2   	5500.000000	27700.9   	5500.000000	38785.8   	
6000.000000	5.042e+06 	6000.000000	5.16305e+06	6000.000000	5.56339e+06	6000.000000	5.59936e+06	6000.000000	5.56343e+06	6000.000000	12563     	6000.000000	14599.1   	6000.000000	28730.3   	6000.000000	29636.1   	6000.000000	41603.1   	
6500.000000	5.3785e+06	6500.000000	5.54841e+06	6500.000000	6.03857e+06	6500.000000	6.07746e+06	6500.000000	6.03862e+06	6500.000000	13145.2   	6500.000000	16076.4   	6500.000000	30374     	6500.000000	31490.9   	6500.000000	44311.1   	
7000.000000	5.69857e+06	7000.000000	5.92217e+06	7000.000000	6.51063e+06	7000.000000	6.55239e+06	7000.000000	6.51068e+06	7000.000000	13697.9   	7000.000000	17583.4   	7000.000000	31948.6   	7000.000000	33272.8   	7000.000000	46919.6   	
7500.000000	6.00328e+06	7500.000000	6.28491e+06	7500.000000	6.97974e+06	7500.000000	7.02432e+06	7500.000000	6.97979e+06	7500.000000	14224.6   	7500.000000	19119.3   	7500.000000	33461.1   	7500.000000	34988.5   	7500.000000	49437.1   	
8000.000000	6.29362e+06	8000.000000	6.63717e+06	8000.000000	7.44606e+06	8000.000000	7.49341e+06	8000.000000	7.4461e+06	8000.000000	14728.3   	8000.000000	20683.5   	8000.000000	34917.5   	8000.000000	36643.6   	8000.000000	51871.3   	
8500.000000	6.57052e+06	8500.000000	6.97951e+06	8500.000000	7.90973e+06	8500.000000	7.95983e+06	8500.000000	7.90976e+06	8500.000000	15211.5   	8500.000000	22275.2   	8500.000000	36323     	8500.000000	38243.2   	8500.000000	54228.7   	
9000.000000	6.83487e+06	9000.000000	7.31241e+06	9000.000000	8.3709e+06	9000.000000	8.42371e+06	9000.000000	8.37094e+06	9000.000000	15676.1   	9000.000000	23893.5   	9000.000000	37681.9   	9000.000000	39791.5   	9000.000000	56515.2   	
9500.000000	7.08746e+06	9500.000000	7.63637e+06	9500.000000	8.8297e+06	9500.000000	8.8852e+06	9500.000000	8.82975e+06	9500.000000	16123.9   	9500.000000	25537.7   	9500.000000	38998     	9500.000000	41292.6   	9500.000000	58736.1   	
10000.000000	7.32906e+06	10000.000000	7.95183e+06	10000.000000	9.28626e+06	10000.000000	9.34441e+06	10000.000000	9.28631e+06	10000.000000	16556.5   	10000.000000	27207.7   	10000.000000	40274.9   	10000.000000	42749.8   	10000.000000	60895.9   	
11000.000000	7.78197e+06	11000.000000	8.55891e+06	11000.000000	1.01931e+07	11000.000000	1.02565e+07	11000.000000	1.01932e+07	11000.000000	17381.1   	11000.000000	30623.3   	11000.000000	42722     	11000.000000	45544.6   	11000.000000	65048.8   	
12000.000000	8.19853e+06	12000.000000	9.1367e+06	12000.000000	1.10923e+07	12000.000000	1.11607e+07	12000.000000	1.10923e+07	12000.000000	18158.3   	12000.000000	34133.8   	12000.000000	45043.2   	12000.000000	48197     	12000.000000	69002.2   	
13000.000000	8.58293e+06	13000.000000	9.68789e+06	13000.000000	1.19845e+07	13000.000000	1.20578e+07	13000.000000	1.19845e+07	13000.000000	18894.9   	13000.000000	37734.2   	13000.000000	47254.4   	13000.000000	50723.9   	13000.000000	72779.4   	
14000.000000	8.93875e+06	14000.000000	1.02148e+07	14000.000000	1.28702e+07	14000.000000	1.29485e+07	14000.000000	1.28702e+07	14000.000000	19596.1   	14000.000000	41423     	14000.000000	49368.5   	14000.000000	53139.4   	14000.000000	76399.8   	
15000.000000	9.2691e+06	15000.000000	1.07196e+07	15000.000000	1.37501e+07	15000.000000	1.38331e+07	15000.000000	1.37501e+07	15000.000000	20266.2   	15000.000000	45199.3   	15000.000000	51396.3   	15000.000000	55455.2   	15000.000000	79879.4   	
16000.000000	9.5766e+06	16000.000000	1.12039e+07	16000.000000	1.46245e+07	16000.000000	1.47122e+07	16000.000000	1.46245e+07	16000.000000	20908.9   	16000.000000	49060.6   	16000.000000	53346.6   	16000.000000	57681.2   	16000.000000	83231.9   	
17000.000000	9.86358e+06	17000.000000	1.16694e+07	17000.000000	1.5494e+07	17000.000000	1.55862e+07	17000.000000	1.54939e+07	17000.000000	21526.9   	17000.000000	53002.8   	17000.000000	55226.8   	17000.000000	59825.8   	17000.000000	86468.9   	
18000.000000	1.0132e+07	18000.000000	1.21177e+07	18000.000000	1.63587e+07	18000.000000	1.64554e+07	18000.000000	1.63586e+07	18000.000000	22122.7   	18000.000000	57022.2   	18000.000000	57043.4   	18000.000000	61896.3   	18000.000000	89600.4   	
19000.000000	1.03837e+07	19000.000000	1.25498e+07	19000.000000	1.72191e+07	19000.000000	1.73202e+07	19000.000000	1.72189e+07	19000.000000	22698.5   	19000.000000	61115.1   	19000.000000	58801.9   	19000.000000	63898.9   	19000.000000	92635.3   	
20000.000000	1.062e+07 	20000.000000	1.29669e+07	20000.000000	1.80753e+07	20000.000000	1.81807e+07	20000.000000	1.80751e+07	20000.000000	23255.9   	20000.000000	65278.5   	20000.000000	60507.2   	20000.000000	65839.1   	20000.000000	95581.1   	
21000.000000	1.08425e+07	21000.000000	1.33702e+07	21000.000000	1.89277e+07	21000.000000	1.90374e+07	21000.000000	1.89275e+07	21000.000000	23796.6   	21000.000000	69510.2   	21000.000000	62163.2   	21000.000000	67721.6   	21000.000000	98444.5   	
22000.000000	1.10523e+07	22000.000000	1.37604e+07	22000.000000	1.97764e+07	22000.000000	1.98903e+07	22000.000000	1.97762e+07	22000.000000	24321.9   	22000.000000	73811.3   	22000.000000	63773.7   	22000.000000	69550.7   	22000.000000	101231    	
23000.000000	1.12504e+07	23000.000000	1.41385e+07	23000.000000	2.06217e+07	23000.000000	2.07397e+07	23000.000000	2.06215e+07	23000.000000	24832.9   	23000.000000	78181.1   	23000.000000	65342     	23000.000000	71330.2   	23000.000000	103947    	
24000.000000	1.14377e+07	24000.000000	1.45052e+07	24000.000000	2.14637e+07	24000.000000	2.15858e+07	24000.000000	2.14635e+07	24000.000000	25330.8   	24000.000000	82615.2   	24000.000000	66870.9   	24000.000000	73063.3   	24000.000000	106596    	
25000.000000	1.16153e+07	25000.000000	1.48611e+07	25000.000000	2.23027e+07	25000.000000	2.24288e+07	25000.000000	2.23025e+07	25000.000000	25816.4   	25000.000000	87110.7   	25000.000000	68363     	25000.000000	74753.2   	25000.000000	109183    	
26000.000000	1.17836e+07	26000.000000	1.52069e+07	26000.000000	2.31387e+07	26000.000000	2.32687e+07	26000.000000	2.31385e+07	26000.000000	26290.6   	26000.000000	91667.1   	26000.000000	69820.6   	26000.000000	76402.4   	26000.000000	111712    	
27000.000000	1.19436e+07	27000.000000	1.55432e+07	27000.000000	2.3972e+07	27000.000000	2.41058e+07	27000.000000	2.39717e+07	27000.000000	26754     	27000.000000	96284.9   	27000.000000	71245.8   	27000.000000	78013.5   	27000.000000	114185    	
28000.000000	1.20957e+07	28000.000000	1.58705e+07	28000.000000	2.48026e+07	28000.000000	2.49402e+07	28000.000000	2.48023e+07	28000.000000	27207.5   	28000.000000	100964    	28000.000000	72640.4   	28000.000000	79588.6   	28000.000000	116607    	
29000.000000	1.22406e+07	29000.000000	1.61892e+07	29000.000000	2.56306e+07	29000.000000	2.5772e+07	29000.000000	2.56304e+07	29000.000000	27651.4   	29000.000000	105701    	29000.000000	74006.3   	29000.000000	81129.8   	29000.000000	118980    	
30000.000000	1.23787e+07	30000.000000	1.64999e+07	30000.000000	2.64562e+07	30000.000000	2.66012e+07	30000.000000	2.6456e+07	30000.000000	28086.5   	30000.000000	110493    	30000.000000	75344.9   	30000.000000	82638.9   	30000.000000	121306    	
32000.000000	1.26364e+07	32000.000000	1.70986e+07	32000.000000	2.81005e+07	32000.000000	2.82526e+07	32000.000000	2.81003e+07	32000.000000	28931.9   	32000.000000	120240    	32000.000000	77945.9   	32000.000000	85567.3   	32000.000000	125828    	
34000.000000	1.2872e+07	34000.000000	1.76695e+07	34000.000000	2.97362e+07	34000.000000	2.98952e+07	34000.000000	2.97361e+07	34000.000000	29747.1   	34000.000000	130202    	34000.000000	80453.6   	34000.000000	88385.9   	34000.000000	130191    	
36000.000000	1.30882e+07	36000.000000	1.82152e+07	36000.000000	3.13639e+07	36000.000000	3.15295e+07	36000.000000	3.13639e+07	36000.000000	30535.1   	36000.000000	140376    	36000.000000	82876.5   	36000.000000	91104.8   	36000.000000	134409    	
38000.000000	1.32873e+07	38000.000000	1.87379e+07	38000.000000	3.29843e+07	38000.000000	3.31561e+07	38000.000000	3.29844e+07	38000.000000	31298.3   	38000.000000	150745    	38000.000000	85222     	38000.000000	93732.6   	38000.000000	138494    	
40000.000000	1.34711e+07	40000.000000	1.92394e+07	40000.000000	3.45978e+07	40000.000000	3.47756e+07	40000.000000	3.45979e+07	40000.000000	32038.9   	40000.000000	161296    	40000.000000	87496.5   	40000.000000	96276.9   	40000.000000	142458    	
42000.000000	1.36414e+07	42000.000000	1.97215e+07	42000.000000	3.62049e+07	42000.000000	3.63883e+07	42000.000000	3.6205e+07	42000.000000	32758.7   	42000.000000	172019    	42000.000000	89705.4   	42000.000000	98744.2   	42000.000000	146309    	
44000.000000	1.37995e+07	44000.000000	2.01857e+07	44000.000000	3.7806e+07	44000.000000	3.79947e+07	44000.000000	3.78061e+07	44000.000000	33459.4   	44000.000000	182914    	44000.000000	91853.7   	44000.000000	101140    	44000.000000	150055    	
46000.000000	1.39466e+07	46000.000000	2.06332e+07	46000.000000	3.94013e+07	46000.000000	3.95952e+07	46000.000000	3.94016e+07	46000.000000	34142.3   	46000.000000	193981    	46000.000000	93945.6   	46000.000000	103471    	46000.000000	153705    	
48000.000000	1.40839e+07	48000.000000	2.10652e+07	48000.000000	4.09913e+07	48000.000000	4.11899e+07	48000.000000	4.09916e+07	48000.000000	34808.9   	48000.000000	205220    	48000.000000	95985.2   	48000.000000	105739    	48000.000000	157265    	
50000.000000	1.42122e+07	50000.000000	2.14829e+07	50000.000000	4.25762e+07	50000.000000	4.27793e+07	50000.000000	4.25766e+07	50000.000000	35460.1   	50000.000000	216629    	50000.000000	97975.6   	50000.000000	107951    	50000.000000	160740    	
